 -1.2392934e+002  4.6019991e+001
 -1.2392934e+002  4.6019901e+001
 -1.2392934e+002  4.6019777e+001
 -1.2392934e+002  4.6019653e+001
 -1.2392933e+002  4.6019529e+001
 -1.2392932e+002  4.6019405e+001
 -1.2392932e+002  4.6019280e+001
 -1.2392932e+002  4.6019156e+001
 -1.2392931e+002  4.6019032e+001
 -1.2392931e+002  4.6018908e+001
 -1.2392931e+002  4.6018783e+001
 -1.2392931e+002  4.6018659e+001
 -1.2392932e+002  4.6018535e+001
 -1.2392932e+002  4.6018411e+001
 -1.2392931e+002  4.6018287e+001
 -1.2392927e+002  4.6018162e+001
 -1.2392926e+002  4.6018139e+001
 -1.2392919e+002  4.6018038e+001
 -1.2392914e+002  4.6017958e+001
 -1.2392912e+002  4.6017914e+001
 -1.2392909e+002  4.6017790e+001
 -1.2392908e+002  4.6017666e+001
 -1.2392906e+002  4.6017541e+001
 -1.2392906e+002  4.6017417e+001
 -1.2392906e+002  4.6017293e+001
 -1.2392905e+002  4.6017169e+001
 -1.2392905e+002  4.6017045e+001
 -1.2392904e+002  4.6016920e+001
 -1.2392904e+002  4.6016796e+001
 -1.2392903e+002  4.6016717e+001
 -1.2392903e+002  4.6016672e+001
 -1.2392903e+002  4.6016548e+001
 -1.2392903e+002  4.6016424e+001
 -1.2392903e+002  4.6016299e+001
 -1.2392903e+002  4.6016175e+001
 -1.2392903e+002  4.6016051e+001
 -1.2392903e+002  4.6016032e+001
 -1.2392904e+002  4.6015927e+001
 -1.2392903e+002  4.6015847e+001
 -1.2392903e+002  4.6015802e+001
 -1.2392900e+002  4.6015678e+001
 -1.2392892e+002  4.6015559e+001
 -1.2392892e+002  4.6015554e+001
 -1.2392882e+002  4.6015430e+001
 -1.2392881e+002  4.6015413e+001
 -1.2392877e+002  4.6015306e+001
 -1.2392876e+002  4.6015181e+001
 -1.2392876e+002  4.6015057e+001
 -1.2392876e+002  4.6014933e+001
 -1.2392876e+002  4.6014809e+001
 -1.2392876e+002  4.6014685e+001
 -1.2392876e+002  4.6014560e+001
 -1.2392873e+002  4.6014436e+001
 -1.2392870e+002  4.6014389e+001
 -1.2392863e+002  4.6014312e+001
 -1.2392859e+002  4.6014283e+001
 -1.2392852e+002  4.6014188e+001
 -1.2392850e+002  4.6014064e+001
 -1.2392849e+002  4.6013939e+001
 -1.2392850e+002  4.6013815e+001
 -1.2392850e+002  4.6013691e+001
 -1.2392849e+002  4.6013567e+001
 -1.2392848e+002  4.6013508e+001
 -1.2392845e+002  4.6013443e+001
 -1.2392837e+002  4.6013341e+001
 -1.2392834e+002  4.6013318e+001
 -1.2392829e+002  4.6013194e+001
 -1.2392825e+002  4.6013113e+001
 -1.2392824e+002  4.6013070e+001
 -1.2392815e+002  4.6012946e+001
 -1.2392814e+002  4.6012941e+001
 -1.2392803e+002  4.6012881e+001
 -1.2392798e+002  4.6012821e+001
 -1.2392795e+002  4.6012697e+001
 -1.2392792e+002  4.6012597e+001
 -1.2392791e+002  4.6012573e+001
 -1.2392781e+002  4.6012467e+001
 -1.2392780e+002  4.6012449e+001
 -1.2392781e+002  4.6012379e+001
 -1.2392784e+002  4.6012325e+001
 -1.2392792e+002  4.6012201e+001
 -1.2392792e+002  4.6012200e+001
 -1.2392794e+002  4.6012076e+001
 -1.2392795e+002  4.6011952e+001
 -1.2392796e+002  4.6011828e+001
 -1.2392798e+002  4.6011704e+001
 -1.2392801e+002  4.6011579e+001
 -1.2392803e+002  4.6011455e+001
 -1.2392803e+002  4.6011362e+001
 -1.2392804e+002  4.6011331e+001
 -1.2392807e+002  4.6011207e+001
 -1.2392809e+002  4.6011083e+001
 -1.2392812e+002  4.6010958e+001
 -1.2392814e+002  4.6010834e+001
 -1.2392812e+002  4.6010710e+001
 -1.2392809e+002  4.6010586e+001
 -1.2392808e+002  4.6010461e+001
 -1.2392806e+002  4.6010337e+001
 -1.2392804e+002  4.6010213e+001
 -1.2392803e+002  4.6010180e+001
 -1.2392802e+002  4.6010089e+001
 -1.2392799e+002  4.6009965e+001
 -1.2392792e+002  4.6009840e+001
 -1.2392792e+002  4.6009834e+001
 -1.2392787e+002  4.6009716e+001
 -1.2392781e+002  4.6009599e+001
 -1.2392780e+002  4.6009592e+001
 -1.2392772e+002  4.6009468e+001
 -1.2392770e+002  4.6009428e+001
 -1.2392765e+002  4.6009344e+001
 -1.2392759e+002  4.6009219e+001
 -1.2392759e+002  4.6009212e+001
 -1.2392755e+002  4.6009095e+001
 -1.2392749e+002  4.6008971e+001
 -1.2392748e+002  4.6008956e+001
 -1.2392741e+002  4.6008847e+001
 -1.2392736e+002  4.6008768e+001
 -1.2392733e+002  4.6008723e+001
 -1.2392725e+002  4.6008601e+001
 -1.2392725e+002  4.6008598e+001
 -1.2392714e+002  4.6008542e+001
 -1.2392703e+002  4.6008493e+001
 -1.2392700e+002  4.6008474e+001
 -1.2392692e+002  4.6008428e+001
 -1.2392683e+002  4.6008350e+001
 -1.2392681e+002  4.6008328e+001
 -1.2392670e+002  4.6008241e+001
 -1.2392666e+002  4.6008226e+001
 -1.2392659e+002  4.6008187e+001
 -1.2392647e+002  4.6008139e+001
 -1.2392643e+002  4.6008102e+001
 -1.2392636e+002  4.6008017e+001
 -1.2392635e+002  4.6007977e+001
 -1.2392630e+002  4.6007853e+001
 -1.2392626e+002  4.6007729e+001
 -1.2392625e+002  4.6007692e+001
 -1.2392623e+002  4.6007605e+001
 -1.2392617e+002  4.6007480e+001
 -1.2392614e+002  4.6007454e+001
 -1.2392610e+002  4.6007356e+001
 -1.2392611e+002  4.6007232e+001
 -1.2392614e+002  4.6007206e+001
 -1.2392625e+002  4.6007108e+001
 -1.2392625e+002  4.6007102e+001
 -1.2392629e+002  4.6006984e+001
 -1.2392630e+002  4.6006859e+001
 -1.2392629e+002  4.6006735e+001
 -1.2392629e+002  4.6006611e+001
 -1.2392636e+002  4.6006514e+001
 -1.2392641e+002  4.6006487e+001
 -1.2392647e+002  4.6006432e+001
 -1.2392653e+002  4.6006363e+001
 -1.2392655e+002  4.6006238e+001
 -1.2392656e+002  4.6006114e+001
 -1.2392659e+002  4.6006052e+001
 -1.2392662e+002  4.6005990e+001
 -1.2392670e+002  4.6005884e+001
 -1.2392671e+002  4.6005866e+001
 -1.2392674e+002  4.6005742e+001
 -1.2392677e+002  4.6005617e+001
 -1.2392678e+002  4.6005493e+001
 -1.2392679e+002  4.6005369e+001
 -1.2392680e+002  4.6005245e+001
 -1.2392680e+002  4.6005121e+001
 -1.2392680e+002  4.6004996e+001
 -1.2392681e+002  4.6004872e+001
 -1.2392681e+002  4.6004869e+001
 -1.2392683e+002  4.6004748e+001
 -1.2392687e+002  4.6004624e+001
 -1.2392692e+002  4.6004519e+001
 -1.2392693e+002  4.6004499e+001
 -1.2392698e+002  4.6004375e+001
 -1.2392703e+002  4.6004251e+001
 -1.2392703e+002  4.6004246e+001
 -1.2392707e+002  4.6004127e+001
 -1.2392713e+002  4.6004003e+001
 -1.2392714e+002  4.6003984e+001
 -1.2392725e+002  4.6003882e+001
 -1.2392726e+002  4.6003878e+001
 -1.2392733e+002  4.6003754e+001
 -1.2392736e+002  4.6003704e+001
 -1.2392741e+002  4.6003630e+001
 -1.2392748e+002  4.6003559e+001
 -1.2392754e+002  4.6003506e+001
 -1.2392759e+002  4.6003467e+001
 -1.2392766e+002  4.6003382e+001
 -1.2392770e+002  4.6003326e+001
 -1.2392775e+002  4.6003257e+001
 -1.2392781e+002  4.6003181e+001
 -1.2392784e+002  4.6003133e+001
 -1.2392789e+002  4.6003009e+001
 -1.2392792e+002  4.6002937e+001
 -1.2392795e+002  4.6002885e+001
 -1.2392803e+002  4.6002790e+001
 -1.2392806e+002  4.6002761e+001
 -1.2392814e+002  4.6002660e+001
 -1.2392816e+002  4.6002636e+001
 -1.2392825e+002  4.6002536e+001
 -1.2392828e+002  4.6002512e+001
 -1.2392837e+002  4.6002435e+001
 -1.2392841e+002  4.6002388e+001
 -1.2392848e+002  4.6002284e+001
 -1.2392849e+002  4.6002264e+001
 -1.2392854e+002  4.6002139e+001
 -1.2392859e+002  4.6002047e+001
 -1.2392861e+002  4.6002015e+001
 -1.2392867e+002  4.6001891e+001
 -1.2392870e+002  4.6001813e+001
 -1.2392872e+002  4.6001767e+001
 -1.2392875e+002  4.6001643e+001
 -1.2392875e+002  4.6001518e+001
 -1.2392875e+002  4.6001394e+001
 -1.2392876e+002  4.6001270e+001
 -1.2392879e+002  4.6001146e+001
 -1.2392881e+002  4.6001080e+001
 -1.2392883e+002  4.6001022e+001
 -1.2392889e+002  4.6000897e+001
 -1.2392892e+002  4.6000849e+001
 -1.2392896e+002  4.6000773e+001
 -1.2392903e+002  4.6000652e+001
 -1.2392904e+002  4.6000649e+001
 -1.2392914e+002  4.6000542e+001
 -1.2392917e+002  4.6000525e+001
 -1.2392926e+002  4.6000459e+001
 -1.2392936e+002  4.6000401e+001
 -1.2392937e+002  4.6000395e+001
 -1.2392948e+002  4.6000328e+001
 -1.2392952e+002  4.6000276e+001
 -1.2392956e+002  4.6000152e+001
 -1.2392957e+002  4.6000028e+001
 -1.2392952e+002  4.5999904e+001
 -1.2392948e+002  4.5999825e+001
 -1.2392944e+002  4.5999780e+001
 -1.2392937e+002  4.5999709e+001
 -1.2392931e+002  4.5999655e+001
 -1.2392926e+002  4.5999607e+001
 -1.2392918e+002  4.5999531e+001
 -1.2392914e+002  4.5999486e+001
 -1.2392909e+002  4.5999407e+001
 -1.2392903e+002  4.5999321e+001
 -1.2392901e+002  4.5999283e+001
 -1.2392898e+002  4.5999158e+001
 -1.2392896e+002  4.5999034e+001
 -1.2392896e+002  4.5998910e+001
 -1.2392896e+002  4.5998786e+001
 -1.2392898e+002  4.5998662e+001
 -1.2392898e+002  4.5998537e+001
 -1.2392900e+002  4.5998413e+001
 -1.2392903e+002  4.5998289e+001
 -1.2392903e+002  4.5998264e+001
 -1.2392906e+002  4.5998165e+001
 -1.2392911e+002  4.5998041e+001
 -1.2392914e+002  4.5997980e+001
 -1.2392918e+002  4.5997916e+001
 -1.2392923e+002  4.5997792e+001
 -1.2392926e+002  4.5997712e+001
 -1.2392927e+002  4.5997668e+001
 -1.2392930e+002  4.5997544e+001
 -1.2392933e+002  4.5997420e+001
 -1.2392935e+002  4.5997295e+001
 -1.2392937e+002  4.5997240e+001
 -1.2392938e+002  4.5997171e+001
 -1.2392941e+002  4.5997047e+001
 -1.2392946e+002  4.5996923e+001
 -1.2392948e+002  4.5996860e+001
 -1.2392949e+002  4.5996799e+001
 -1.2392952e+002  4.5996674e+001
 -1.2392954e+002  4.5996550e+001
 -1.2392958e+002  4.5996426e+001
 -1.2392959e+002  4.5996320e+001
 -1.2392959e+002  4.5996302e+001
 -1.2392961e+002  4.5996177e+001
 -1.2392962e+002  4.5996053e+001
 -1.2392966e+002  4.5995929e+001
 -1.2392970e+002  4.5995861e+001
 -1.2392973e+002  4.5995805e+001
 -1.2392979e+002  4.5995681e+001
 -1.2392981e+002  4.5995634e+001
 -1.2392984e+002  4.5995556e+001
 -1.2392988e+002  4.5995432e+001
 -1.2392991e+002  4.5995308e+001
 -1.2392992e+002  4.5995279e+001
 -1.2392996e+002  4.5995184e+001
 -1.2393001e+002  4.5995060e+001
 -1.2393003e+002  4.5994935e+001
 -1.2393003e+002  4.5994933e+001
 -1.2393006e+002  4.5994811e+001
 -1.2393009e+002  4.5994687e+001
 -1.2393011e+002  4.5994563e+001
 -1.2393014e+002  4.5994439e+001
 -1.2393015e+002  4.5994411e+001
 -1.2393017e+002  4.5994314e+001
 -1.2393021e+002  4.5994190e+001
 -1.2393026e+002  4.5994072e+001
 -1.2393026e+002  4.5994066e+001
 -1.2393030e+002  4.5993942e+001
 -1.2393032e+002  4.5993817e+001
 -1.2393036e+002  4.5993693e+001
 -1.2393037e+002  4.5993661e+001
 -1.2393039e+002  4.5993569e+001
 -1.2393042e+002  4.5993445e+001
 -1.2393047e+002  4.5993321e+001
 -1.2393048e+002  4.5993311e+001
 -1.2393053e+002  4.5993196e+001
 -1.2393059e+002  4.5993102e+001
 -1.2393060e+002  4.5993072e+001
 -1.2393064e+002  4.5992948e+001
 -1.2393069e+002  4.5992824e+001
 -1.2393070e+002  4.5992746e+001
 -1.2393071e+002  4.5992700e+001
 -1.2393075e+002  4.5992575e+001
 -1.2393081e+002  4.5992451e+001
 -1.2393081e+002  4.5992447e+001
 -1.2393090e+002  4.5992327e+001
 -1.2393092e+002  4.5992291e+001
 -1.2393099e+002  4.5992203e+001
 -1.2393103e+002  4.5992133e+001
 -1.2393107e+002  4.5992079e+001
 -1.2393115e+002  4.5991983e+001
 -1.2393116e+002  4.5991954e+001
 -1.2393120e+002  4.5991830e+001
 -1.2393126e+002  4.5991706e+001
 -1.2393126e+002  4.5991698e+001
 -1.2393128e+002  4.5991582e+001
 -1.2393131e+002  4.5991458e+001
 -1.2393135e+002  4.5991333e+001
 -1.2393137e+002  4.5991293e+001
 -1.2393141e+002  4.5991209e+001
 -1.2393148e+002  4.5991098e+001
 -1.2393149e+002  4.5991085e+001
 -1.2393155e+002  4.5990961e+001
 -1.2393159e+002  4.5990893e+001
 -1.2393162e+002  4.5990836e+001
 -1.2393166e+002  4.5990712e+001
 -1.2393170e+002  4.5990588e+001
 -1.2393170e+002  4.5990586e+001
 -1.2393172e+002  4.5990464e+001
 -1.2393175e+002  4.5990340e+001
 -1.2393179e+002  4.5990215e+001
 -1.2393181e+002  4.5990125e+001
 -1.2393182e+002  4.5990091e+001
 -1.2393186e+002  4.5989967e+001
 -1.2393192e+002  4.5989843e+001
 -1.2393192e+002  4.5989830e+001
 -1.2393200e+002  4.5989719e+001
 -1.2393204e+002  4.5989665e+001
 -1.2393209e+002  4.5989594e+001
 -1.2393215e+002  4.5989505e+001
 -1.2393217e+002  4.5989470e+001
 -1.2393222e+002  4.5989346e+001
 -1.2393226e+002  4.5989265e+001
 -1.2393227e+002  4.5989222e+001
 -1.2393229e+002  4.5989098e+001
 -1.2393232e+002  4.5988973e+001
 -1.2393235e+002  4.5988849e+001
 -1.2393237e+002  4.5988758e+001
 -1.2393238e+002  4.5988725e+001
 -1.2393240e+002  4.5988601e+001
 -1.2393243e+002  4.5988477e+001
 -1.2393247e+002  4.5988352e+001
 -1.2393248e+002  4.5988325e+001
 -1.2393253e+002  4.5988228e+001
 -1.2393259e+002  4.5988112e+001
 -1.2393260e+002  4.5988104e+001
 -1.2393264e+002  4.5987980e+001
 -1.2393268e+002  4.5987855e+001
 -1.2393270e+002  4.5987785e+001
 -1.2393272e+002  4.5987731e+001
 -1.2393277e+002  4.5987607e+001
 -1.2393281e+002  4.5987527e+001
 -1.2393283e+002  4.5987483e+001
 -1.2393288e+002  4.5987359e+001
 -1.2393293e+002  4.5987257e+001
 -1.2393294e+002  4.5987234e+001
 -1.2393299e+002  4.5987110e+001
 -1.2393304e+002  4.5987013e+001
 -1.2393305e+002  4.5986986e+001
 -1.2393310e+002  4.5986862e+001
 -1.2393315e+002  4.5986765e+001
 -1.2393316e+002  4.5986738e+001
 -1.2393322e+002  4.5986613e+001
 -1.2393326e+002  4.5986537e+001
 -1.2393328e+002  4.5986489e+001
 -1.2393336e+002  4.5986365e+001
 -1.2393337e+002  4.5986348e+001
 -1.2393340e+002  4.5986241e+001
 -1.2393344e+002  4.5986117e+001
 -1.2393347e+002  4.5985992e+001
 -1.2393348e+002  4.5985956e+001
 -1.2393350e+002  4.5985868e+001
 -1.2393352e+002  4.5985744e+001
 -1.2393355e+002  4.5985620e+001
 -1.2393359e+002  4.5985495e+001
 -1.2393359e+002  4.5985480e+001
 -1.2393364e+002  4.5985371e+001
 -1.2393370e+002  4.5985247e+001
 -1.2393370e+002  4.5985240e+001
 -1.2393375e+002  4.5985123e+001
 -1.2393381e+002  4.5984999e+001
 -1.2393382e+002  4.5984983e+001
 -1.2393386e+002  4.5984874e+001
 -1.2393392e+002  4.5984750e+001
 -1.2393393e+002  4.5984734e+001
 -1.2393396e+002  4.5984626e+001
 -1.2393400e+002  4.5984502e+001
 -1.2393401e+002  4.5984378e+001
 -1.2393403e+002  4.5984253e+001
 -1.2393404e+002  4.5984178e+001
 -1.2393404e+002  4.5984129e+001
 -1.2393405e+002  4.5984005e+001
 -1.2393406e+002  4.5983881e+001
 -1.2393406e+002  4.5983757e+001
 -1.2393406e+002  4.5983632e+001
 -1.2393406e+002  4.5983508e+001
 -1.2393406e+002  4.5983384e+001
 -1.2393406e+002  4.5983260e+001
 -1.2393406e+002  4.5983136e+001
 -1.2393406e+002  4.5983011e+001
 -1.2393407e+002  4.5982887e+001
 -1.2393407e+002  4.5982763e+001
 -1.2393408e+002  4.5982639e+001
 -1.2393409e+002  4.5982514e+001
 -1.2393410e+002  4.5982390e+001
 -1.2393412e+002  4.5982266e+001
 -1.2393413e+002  4.5982142e+001
 -1.2393414e+002  4.5982018e+001
 -1.2393415e+002  4.5982003e+001
 -1.2393418e+002  4.5981893e+001
 -1.2393424e+002  4.5981769e+001
 -1.2393426e+002  4.5981740e+001
 -1.2393431e+002  4.5981645e+001
 -1.2393437e+002  4.5981538e+001
 -1.2393438e+002  4.5981521e+001
 -1.2393446e+002  4.5981397e+001
 -1.2393448e+002  4.5981368e+001
 -1.2393452e+002  4.5981272e+001
 -1.2393457e+002  4.5981148e+001
 -1.2393459e+002  4.5981024e+001
 -1.2393459e+002  4.5981005e+001
 -1.2393461e+002  4.5980900e+001
 -1.2393463e+002  4.5980776e+001
 -1.2393468e+002  4.5980651e+001
 -1.2393471e+002  4.5980613e+001
 -1.2393475e+002  4.5980527e+001
 -1.2393481e+002  4.5980403e+001
 -1.2393482e+002  4.5980389e+001
 -1.2393487e+002  4.5980279e+001
 -1.2393493e+002  4.5980172e+001
 -1.2393494e+002  4.5980155e+001
 -1.2393502e+002  4.5980030e+001
 -1.2393504e+002  4.5980011e+001
 -1.2393508e+002  4.5979906e+001
 -1.2393513e+002  4.5979782e+001
 -1.2393514e+002  4.5979658e+001
 -1.2393515e+002  4.5979616e+001
 -1.2393516e+002  4.5979533e+001
 -1.2393518e+002  4.5979409e+001
 -1.2393523e+002  4.5979285e+001
 -1.2393526e+002  4.5979233e+001
 -1.2393530e+002  4.5979161e+001
 -1.2393537e+002  4.5979042e+001
 -1.2393538e+002  4.5979037e+001
 -1.2393545e+002  4.5978912e+001
 -1.2393548e+002  4.5978852e+001
 -1.2393552e+002  4.5978788e+001
 -1.2393560e+002  4.5978683e+001
 -1.2393560e+002  4.5978664e+001
 -1.2393563e+002  4.5978540e+001
 -1.2393567e+002  4.5978416e+001
 -1.2393571e+002  4.5978334e+001
 -1.2393572e+002  4.5978291e+001
 -1.2393578e+002  4.5978167e+001
 -1.2393582e+002  4.5978113e+001
 -1.2393587e+002  4.5978043e+001
 -1.2393593e+002  4.5977959e+001
 -1.2393596e+002  4.5977919e+001
 -1.2393604e+002  4.5977833e+001
 -1.2393608e+002  4.5977795e+001
 -1.2393615e+002  4.5977724e+001
 -1.2393619e+002  4.5977670e+001
 -1.2393626e+002  4.5977560e+001
 -1.2393627e+002  4.5977546e+001
 -1.2393632e+002  4.5977422e+001
 -1.2393637e+002  4.5977317e+001
 -1.2393638e+002  4.5977298e+001
 -1.2393646e+002  4.5977173e+001
 -1.2393648e+002  4.5977134e+001
 -1.2393655e+002  4.5977049e+001
 -1.2393660e+002  4.5976996e+001
 -1.2393667e+002  4.5976925e+001
 -1.2393671e+002  4.5976871e+001
 -1.2393674e+002  4.5976801e+001
 -1.2393681e+002  4.5976677e+001
 -1.2393682e+002  4.5976653e+001
 -1.2393687e+002  4.5976552e+001
 -1.2393693e+002  4.5976456e+001
 -1.2393695e+002  4.5976428e+001
 -1.2393700e+002  4.5976304e+001
 -1.2393704e+002  4.5976204e+001
 -1.2393705e+002  4.5976180e+001
 -1.2393714e+002  4.5976056e+001
 -1.2393715e+002  4.5976039e+001
 -1.2393725e+002  4.5975931e+001
 -1.2393726e+002  4.5975911e+001
 -1.2393735e+002  4.5975807e+001
 -1.2393737e+002  4.5975714e+001
 -1.2393739e+002  4.5975683e+001
 -1.2393739e+002  4.5975559e+001
 -1.2393749e+002  4.5975463e+001
 -1.2393760e+002  4.5975468e+001
 -1.2393771e+002  4.5975483e+001
 -1.2393782e+002  4.5975489e+001
 -1.2393793e+002  4.5975491e+001
 -1.2393804e+002  4.5975487e+001
 -1.2393815e+002  4.5975476e+001
 -1.2393826e+002  4.5975472e+001
 -1.2393838e+002  4.5975473e+001
 -1.2393849e+002  4.5975472e+001
 -1.2393860e+002  4.5975473e+001
 -1.2393871e+002  4.5975472e+001
 -1.2393882e+002  4.5975475e+001
 -1.2393893e+002  4.5975482e+001
 -1.2393904e+002  4.5975483e+001
 -1.2393915e+002  4.5975483e+001
 -1.2393927e+002  4.5975479e+001
 -1.2393938e+002  4.5975472e+001
 -1.2393949e+002  4.5975465e+001
 -1.2393960e+002  4.5975452e+001
 -1.2393971e+002  4.5975440e+001
 -1.2393977e+002  4.5975435e+001
 -1.2393982e+002  4.5975429e+001
 -1.2393993e+002  4.5975420e+001
 -1.2394004e+002  4.5975413e+001
 -1.2394016e+002  4.5975402e+001
 -1.2394027e+002  4.5975394e+001
 -1.2394038e+002  4.5975383e+001
 -1.2394049e+002  4.5975375e+001
 -1.2394060e+002  4.5975370e+001
 -1.2394071e+002  4.5975349e+001
 -1.2394082e+002  4.5975330e+001
 -1.2394093e+002  4.5975310e+001
 -1.2394093e+002  4.5975310e+001
 -1.2394105e+002  4.5975292e+001
 -1.2394116e+002  4.5975275e+001
 -1.2394127e+002  4.5975217e+001
 -1.2394134e+002  4.5975186e+001
 -1.2394138e+002  4.5975168e+001
 -1.2394149e+002  4.5975135e+001
 -1.2394160e+002  4.5975113e+001
 -1.2394171e+002  4.5975097e+001
 -1.2394182e+002  4.5975082e+001
 -1.2394193e+002  4.5975069e+001
 -1.2394198e+002  4.5975062e+001
 -1.2394205e+002  4.5975049e+001
 -1.2394216e+002  4.5975028e+001
 -1.2394227e+002  4.5975009e+001
 -1.2394238e+002  4.5974972e+001
 -1.2394248e+002  4.5974938e+001
 -1.2394249e+002  4.5974934e+001
 -1.2394260e+002  4.5974920e+001
 -1.2394271e+002  4.5974920e+001
 -1.2394282e+002  4.5974930e+001
 -1.2394290e+002  4.5974938e+001
 -1.2394294e+002  4.5974941e+001
 -1.2394305e+002  4.5974957e+001
 -1.2394316e+002  4.5974981e+001
 -1.2394327e+002  4.5975011e+001
 -1.2394338e+002  4.5975041e+001
 -1.2394349e+002  4.5975059e+001
 -1.2394351e+002  4.5975062e+001
 -1.2394360e+002  4.5975070e+001
 -1.2394371e+002  4.5975072e+001
 -1.2394383e+002  4.5975072e+001
 -1.2394394e+002  4.5975074e+001
 -1.2394405e+002  4.5975074e+001
 -1.2394416e+002  4.5975075e+001
 -1.2394427e+002  4.5975075e+001
 -1.2394438e+002  4.5975080e+001
 -1.2394449e+002  4.5975095e+001
 -1.2394460e+002  4.5975118e+001
 -1.2394472e+002  4.5975154e+001
 -1.2394481e+002  4.5975186e+001
 -1.2394483e+002  4.5975194e+001
 -1.2394494e+002  4.5975233e+001
 -1.2394505e+002  4.5975286e+001
 -1.2394508e+002  4.5975310e+001
 -1.2394516e+002  4.5975342e+001
 -1.2394527e+002  4.5975378e+001
 -1.2394538e+002  4.5975386e+001
 -1.2394549e+002  4.5975391e+001
 -1.2394550e+002  4.5975391e+001
