 -1.2394550e+002  4.6000689e+001
 -1.2394530e+002  4.6000491e+001
 -1.2394530e+002  4.6000485e+001
 -1.2394530e+002  4.6000276e+001
 -1.2394509e+002  4.6000081e+001
 -1.2394507e+002  4.6000068e+001
 -1.2394502e+002  4.5999860e+001
 -1.2394488e+002  4.5999668e+001
 -1.2394479e+002  4.5999651e+001
 -1.2394469e+002  4.5999443e+001
 -1.2394468e+002  4.5999438e+001
 -1.2394456e+002  4.5999443e+001
 -1.2394447e+002  4.5999447e+001
 -1.2394447e+002  4.5999443e+001
 -1.2394447e+002  4.5999235e+001
 -1.2394446e+002  4.5999027e+001
 -1.2394426e+002  4.5998843e+001
 -1.2394424e+002  4.5998818e+001
 -1.2394406e+002  4.5998620e+001
 -1.2394395e+002  4.5998610e+001
 -1.2394386e+002  4.5998402e+001
 -1.2394385e+002  4.5998394e+001
 -1.2394375e+002  4.5998402e+001
 -1.2394364e+002  4.5998406e+001
 -1.2394363e+002  4.5998402e+001
 -1.2394358e+002  4.5998193e+001
 -1.2394360e+002  4.5997985e+001
 -1.2394359e+002  4.5997777e+001
 -1.2394343e+002  4.5997749e+001
 -1.2394325e+002  4.5997568e+001
 -1.2394323e+002  4.5997543e+001
 -1.2394302e+002  4.5997559e+001
 -1.2394293e+002  4.5997568e+001
 -1.2394292e+002  4.5997777e+001
 -1.2394281e+002  4.5997781e+001
 -1.2394280e+002  4.5997777e+001
 -1.2394277e+002  4.5997568e+001
 -1.2394281e+002  4.5997427e+001
 -1.2394282e+002  4.5997360e+001
 -1.2394281e+002  4.5997283e+001
 -1.2394276e+002  4.5997152e+001
 -1.2394260e+002  4.5997126e+001
 -1.2394242e+002  4.5996943e+001
 -1.2394240e+002  4.5996930e+001
 -1.2394219e+002  4.5996939e+001
 -1.2394210e+002  4.5996943e+001
 -1.2394209e+002  4.5997152e+001
 -1.2394219e+002  4.5997184e+001
 -1.2394240e+002  4.5997282e+001
 -1.2394247e+002  4.5997360e+001
 -1.2394240e+002  4.5997442e+001
 -1.2394219e+002  4.5997542e+001
 -1.2394211e+002  4.5997568e+001
 -1.2394198e+002  4.5997575e+001
 -1.2394194e+002  4.5997568e+001
 -1.2394177e+002  4.5997459e+001
 -1.2394157e+002  4.5997489e+001
 -1.2394136e+002  4.5997547e+001
 -1.2394129e+002  4.5997568e+001
 -1.2394115e+002  4.5997575e+001
 -1.2394110e+002  4.5997568e+001
 -1.2394094e+002  4.5997465e+001
 -1.2394074e+002  4.5997488e+001
 -1.2394053e+002  4.5997534e+001
 -1.2394050e+002  4.5997360e+001
 -1.2394032e+002  4.5997166e+001
 -1.2394011e+002  4.5997155e+001
 -1.2394009e+002  4.5997152e+001
 -1.2393996e+002  4.5996943e+001
 -1.2393991e+002  4.5996931e+001
 -1.2393970e+002  4.5996735e+001
 -1.2393970e+002  4.5996732e+001
 -1.2393966e+002  4.5996735e+001
 -1.2393965e+002  4.5996943e+001
 -1.2393949e+002  4.5996950e+001
 -1.2393948e+002  4.5996943e+001
 -1.2393929e+002  4.5996776e+001
 -1.2393915e+002  4.5996735e+001
 -1.2393909e+002  4.5996527e+001
 -1.2393910e+002  4.5996318e+001
 -1.2393908e+002  4.5996307e+001
 -1.2393887e+002  4.5996110e+001
 -1.2393887e+002  4.5996108e+001
 -1.2393883e+002  4.5996110e+001
 -1.2393866e+002  4.5996118e+001
 -1.2393865e+002  4.5996110e+001
 -1.2393851e+002  4.5995902e+001
 -1.2393846e+002  4.5995888e+001
 -1.2393831e+002  4.5995694e+001
 -1.2393827e+002  4.5995485e+001
 -1.2393825e+002  4.5995474e+001
 -1.2393804e+002  4.5995483e+001
 -1.2393783e+002  4.5995285e+001
 -1.2393782e+002  4.5995277e+001
 -1.2393763e+002  4.5995152e+001
 -1.2393744e+002  4.5995069e+001
 -1.2393742e+002  4.5995059e+001
 -1.2393721e+002  4.5995069e+001
 -1.2393721e+002  4.5995069e+001
 -1.2393721e+002  4.5995069e+001
 -1.2393711e+002  4.5994860e+001
 -1.2393700e+002  4.5994668e+001
 -1.2393680e+002  4.5994660e+001
 -1.2393671e+002  4.5994652e+001
 -1.2393659e+002  4.5994641e+001
 -1.2393638e+002  4.5994548e+001
 -1.2393617e+002  4.5994453e+001
 -1.2393613e+002  4.5994444e+001
 -1.2393597e+002  4.5994379e+001
 -1.2393578e+002  4.5994235e+001
 -1.2393576e+002  4.5994215e+001
 -1.2393557e+002  4.5994235e+001
 -1.2393555e+002  4.5994444e+001
 -1.2393555e+002  4.5994444e+001
 -1.2393555e+002  4.5994444e+001
 -1.2393555e+002  4.5994235e+001
 -1.2393555e+002  4.5994230e+001
 -1.2393560e+002  4.5994027e+001
 -1.2393555e+002  4.5993819e+001
 -1.2393555e+002  4.5993650e+001
 -1.2393555e+002  4.5993610e+001
 -1.2393545e+002  4.5993402e+001
 -1.2393548e+002  4.5993194e+001
 -1.2393555e+002  4.5992986e+001
 -1.2393555e+002  4.5992986e+001
 -1.2393555e+002  4.5992985e+001
 -1.2393545e+002  4.5992777e+001
 -1.2393534e+002  4.5992579e+001
 -1.2393533e+002  4.5992569e+001
 -1.2393518e+002  4.5992361e+001
 -1.2393514e+002  4.5992317e+001
 -1.2393495e+002  4.5992152e+001
 -1.2393493e+002  4.5992143e+001
 -1.2393472e+002  4.5992048e+001
 -1.2393452e+002  4.5991954e+001
 -1.2393431e+002  4.5992043e+001
 -1.2393410e+002  4.5992144e+001
 -1.2393390e+002  4.5992152e+001
 -1.2393389e+002  4.5992183e+001
 -1.2393389e+002  4.5992361e+001
 -1.2393389e+002  4.5992475e+001
 -1.2393389e+002  4.5992569e+001
 -1.2393389e+002  4.5992570e+001
 -1.2393370e+002  4.5992777e+001
 -1.2393370e+002  4.5992986e+001
 -1.2393369e+002  4.5993006e+001
 -1.2393348e+002  4.5993121e+001
 -1.2393335e+002  4.5993194e+001
 -1.2393327e+002  4.5993215e+001
 -1.2393307e+002  4.5993402e+001
 -1.2393306e+002  4.5993405e+001
 -1.2393296e+002  4.5993610e+001
 -1.2393286e+002  4.5993819e+001
 -1.2393286e+002  4.5993834e+001
 -1.2393277e+002  4.5994027e+001
 -1.2393267e+002  4.5994235e+001
 -1.2393265e+002  4.5994259e+001
 -1.2393256e+002  4.5994444e+001
 -1.2393244e+002  4.5994511e+001
 -1.2393230e+002  4.5994652e+001
 -1.2393229e+002  4.5994860e+001
 -1.2393230e+002  4.5995069e+001
 -1.2393223e+002  4.5995139e+001
 -1.2393203e+002  4.5995277e+001
 -1.2393204e+002  4.5995485e+001
 -1.2393203e+002  4.5995513e+001
 -1.2393193e+002  4.5995694e+001
 -1.2393203e+002  4.5995872e+001
 -1.2393203e+002  4.5995902e+001
 -1.2393223e+002  4.5996040e+001
 -1.2393244e+002  4.5996110e+001
 -1.2393244e+002  4.5996117e+001
 -1.2393247e+002  4.5996110e+001
 -1.2393265e+002  4.5996084e+001
 -1.2393286e+002  4.5996000e+001
 -1.2393306e+002  4.5995902e+001
 -1.2393306e+002  4.5995897e+001
 -1.2393317e+002  4.5995694e+001
 -1.2393327e+002  4.5995503e+001
 -1.2393348e+002  4.5995562e+001
 -1.2393369e+002  4.5995680e+001
 -1.2393371e+002  4.5995694e+001
 -1.2393389e+002  4.5995900e+001
 -1.2393389e+002  4.5995902e+001
 -1.2393389e+002  4.5996110e+001
 -1.2393409e+002  4.5996318e+001
 -1.2393410e+002  4.5996349e+001
 -1.2393431e+002  4.5996409e+001
 -1.2393445e+002  4.5996318e+001
 -1.2393452e+002  4.5996309e+001
 -1.2393452e+002  4.5996318e+001
 -1.2393454e+002  4.5996527e+001
 -1.2393453e+002  4.5996735e+001
 -1.2393452e+002  4.5996746e+001
 -1.2393440e+002  4.5996735e+001
 -1.2393431e+002  4.5996687e+001
 -1.2393410e+002  4.5996708e+001
 -1.2393409e+002  4.5996735e+001
 -1.2393409e+002  4.5996943e+001
 -1.2393389e+002  4.5997152e+001
 -1.2393389e+002  4.5997152e+001
 -1.2393385e+002  4.5997360e+001
 -1.2393379e+002  4.5997568e+001
 -1.2393370e+002  4.5997777e+001
 -1.2393369e+002  4.5997787e+001
 -1.2393348e+002  4.5997901e+001
 -1.2393327e+002  4.5997977e+001
 -1.2393310e+002  4.5997985e+001
 -1.2393306e+002  4.5997987e+001
 -1.2393286e+002  4.5998003e+001
 -1.2393265e+002  4.5998070e+001
 -1.2393246e+002  4.5997985e+001
 -1.2393244e+002  4.5997978e+001
 -1.2393223e+002  4.5997779e+001
 -1.2393203e+002  4.5997782e+001
 -1.2393201e+002  4.5997777e+001
 -1.2393182e+002  4.5997712e+001
 -1.2393161e+002  4.5997705e+001
 -1.2393140e+002  4.5997725e+001
 -1.2393120e+002  4.5997696e+001
 -1.2393099e+002  4.5997736e+001
 -1.2393078e+002  4.5997775e+001
 -1.2393078e+002  4.5997777e+001
 -1.2393078e+002  4.5997783e+001
 -1.2393089e+002  4.5997985e+001
 -1.2393082e+002  4.5998193e+001
 -1.2393078e+002  4.5998239e+001
 -1.2393058e+002  4.5998402e+001
 -1.2393057e+002  4.5998405e+001
 -1.2393037e+002  4.5998545e+001
 -1.2393023e+002  4.5998610e+001
 -1.2393037e+002  4.5998806e+001
 -1.2393037e+002  4.5998818e+001
 -1.2393037e+002  4.5998840e+001
 -1.2393031e+002  4.5998818e+001
 -1.2393016e+002  4.5998768e+001
 -1.2392995e+002  4.5998711e+001
 -1.2392985e+002  4.5998818e+001
 -1.2392975e+002  4.5998901e+001
 -1.2392967e+002  4.5998818e+001
 -1.2392975e+002  4.5998712e+001
 -1.2392985e+002  4.5998610e+001
 -1.2392975e+002  4.5998508e+001
 -1.2392969e+002  4.5998402e+001
 -1.2392967e+002  4.5998193e+001
 -1.2392954e+002  4.5998056e+001
 -1.2392952e+002  4.5997985e+001
 -1.2392949e+002  4.5997777e+001
 -1.2392954e+002  4.5997741e+001
 -1.2392972e+002  4.5997568e+001
 -1.2392975e+002  4.5997389e+001
 -1.2392977e+002  4.5997360e+001
 -1.2392975e+002  4.5997339e+001
 -1.2392972e+002  4.5997152e+001
 -1.2392972e+002  4.5996943e+001
 -1.2392974e+002  4.5996735e+001
 -1.2392975e+002  4.5996727e+001
 -1.2392995e+002  4.5996684e+001
 -1.2393004e+002  4.5996527e+001
 -1.2393004e+002  4.5996318e+001
 -1.2393009e+002  4.5996110e+001
 -1.2393014e+002  4.5995902e+001
 -1.2393016e+002  4.5995886e+001
 -1.2393025e+002  4.5995902e+001
 -1.2393032e+002  4.5996110e+001
 -1.2393037e+002  4.5996306e+001
 -1.2393057e+002  4.5996110e+001
 -1.2393042e+002  4.5995902e+001
 -1.2393045e+002  4.5995694e+001
 -1.2393047e+002  4.5995485e+001
 -1.2393037e+002  4.5995283e+001
 -1.2393037e+002  4.5995277e+001
 -1.2393035e+002  4.5995069e+001
 -1.2393033e+002  4.5994860e+001
 -1.2393034e+002  4.5994652e+001
 -1.2393037e+002  4.5994632e+001
 -1.2393054e+002  4.5994444e+001
 -1.2393055e+002  4.5994235e+001
 -1.2393055e+002  4.5994027e+001
 -1.2393054e+002  4.5993819e+001
 -1.2393057e+002  4.5993756e+001
 -1.2393073e+002  4.5993610e+001
 -1.2393075e+002  4.5993402e+001
 -1.2393076e+002  4.5993194e+001
 -1.2393076e+002  4.5992986e+001
 -1.2393078e+002  4.5992953e+001
 -1.2393099e+002  4.5992870e+001
 -1.2393113e+002  4.5992777e+001
 -1.2393115e+002  4.5992569e+001
 -1.2393120e+002  4.5992515e+001
 -1.2393137e+002  4.5992361e+001
 -1.2393138e+002  4.5992152e+001
 -1.2393140e+002  4.5991944e+001
 -1.2393140e+002  4.5991944e+001
 -1.2393158e+002  4.5991736e+001
 -1.2393159e+002  4.5991527e+001
 -1.2393158e+002  4.5991319e+001
 -1.2393161e+002  4.5991278e+001
 -1.2393182e+002  4.5991199e+001
 -1.2393195e+002  4.5991111e+001
 -1.2393195e+002  4.5990902e+001
 -1.2393201e+002  4.5990694e+001
 -1.2393203e+002  4.5990645e+001
 -1.2393213e+002  4.5990486e+001
 -1.2393220e+002  4.5990278e+001
 -1.2393219e+002  4.5990069e+001
 -1.2393223e+002  4.5989971e+001
 -1.2393237e+002  4.5989861e+001
 -1.2393241e+002  4.5989653e+001
 -1.2393241e+002  4.5989444e+001
 -1.2393244e+002  4.5989370e+001
 -1.2393264e+002  4.5989236e+001
 -1.2393265e+002  4.5989222e+001
 -1.2393280e+002  4.5989028e+001
 -1.2393281e+002  4.5988819e+001
 -1.2393284e+002  4.5988611e+001
 -1.2393285e+002  4.5988403e+001
 -1.2393286e+002  4.5988391e+001
 -1.2393303e+002  4.5988194e+001
 -1.2393304e+002  4.5987986e+001
 -1.2393304e+002  4.5987778e+001
 -1.2393306e+002  4.5987662e+001
 -1.2393314e+002  4.5987570e+001
 -1.2393325e+002  4.5987361e+001
 -1.2393325e+002  4.5987153e+001
 -1.2393326e+002  4.5986945e+001
 -1.2393327e+002  4.5986929e+001
 -1.2393348e+002  4.5986874e+001
 -1.2393362e+002  4.5986736e+001
 -1.2393364e+002  4.5986528e+001
 -1.2393365e+002  4.5986320e+001
 -1.2393369e+002  4.5986281e+001
 -1.2393386e+002  4.5986111e+001
 -1.2393387e+002  4.5985903e+001
 -1.2393388e+002  4.5985695e+001
 -1.2393386e+002  4.5985486e+001
 -1.2393389e+002  4.5985434e+001
 -1.2393405e+002  4.5985278e+001
 -1.2393407e+002  4.5985070e+001
 -1.2393407e+002  4.5984862e+001
 -1.2393406e+002  4.5984653e+001
 -1.2393410e+002  4.5984570e+001
 -1.2393427e+002  4.5984445e+001
 -1.2393431e+002  4.5984374e+001
 -1.2393438e+002  4.5984237e+001
 -1.2393441e+002  4.5984028e+001
 -1.2393440e+002  4.5983820e+001
 -1.2393439e+002  4.5983612e+001
 -1.2393439e+002  4.5983403e+001
 -1.2393440e+002  4.5983195e+001
 -1.2393440e+002  4.5982987e+001
 -1.2393441e+002  4.5982778e+001
 -1.2393441e+002  4.5982570e+001
 -1.2393442e+002  4.5982362e+001
 -1.2393441e+002  4.5982153e+001
 -1.2393442e+002  4.5981945e+001
 -1.2393452e+002  4.5981871e+001
 -1.2393465e+002  4.5981737e+001
 -1.2393468e+002  4.5981529e+001
 -1.2393467e+002  4.5981320e+001
 -1.2393472e+002  4.5981202e+001
 -1.2393481e+002  4.5981112e+001
 -1.2393488e+002  4.5980904e+001
 -1.2393488e+002  4.5980695e+001
 -1.2393487e+002  4.5980487e+001
 -1.2393493e+002  4.5980395e+001
 -1.2393512e+002  4.5980279e+001
 -1.2393514e+002  4.5980244e+001
 -1.2393523e+002  4.5980070e+001
 -1.2393531e+002  4.5979862e+001
 -1.2393534e+002  4.5979796e+001
 -1.2393542e+002  4.5979654e+001
 -1.2393550e+002  4.5979445e+001
 -1.2393553e+002  4.5979237e+001
 -1.2393555e+002  4.5979179e+001
 -1.2393565e+002  4.5979029e+001
 -1.2393569e+002  4.5978821e+001
 -1.2393571e+002  4.5978612e+001
 -1.2393576e+002  4.5978551e+001
 -1.2393597e+002  4.5978424e+001
 -1.2393599e+002  4.5978404e+001
 -1.2393607e+002  4.5978196e+001
 -1.2393614e+002  4.5977987e+001
 -1.2393617e+002  4.5977968e+001
 -1.2393631e+002  4.5977779e+001
 -1.2393638e+002  4.5977691e+001
 -1.2393651e+002  4.5977571e+001
 -1.2393655e+002  4.5977362e+001
 -1.2393659e+002  4.5977175e+001
 -1.2393660e+002  4.5977154e+001
 -1.2393680e+002  4.5977044e+001
 -1.2393687e+002  4.5976946e+001
 -1.2393700e+002  4.5976857e+001
 -1.2393713e+002  4.5976737e+001
 -1.2393717e+002  4.5976529e+001
 -1.2393721e+002  4.5976321e+001
 -1.2393721e+002  4.5976321e+001
 -1.2393742e+002  4.5976170e+001
 -1.2393753e+002  4.5976113e+001
 -1.2393763e+002  4.5976080e+001
 -1.2393783e+002  4.5976028e+001
 -1.2393804e+002  4.5975976e+001
 -1.2393815e+002  4.5975904e+001
 -1.2393825e+002  4.5975832e+001
 -1.2393846e+002  4.5975785e+001
 -1.2393866e+002  4.5975755e+001
 -1.2393887e+002  4.5975757e+001
 -1.2393908e+002  4.5975766e+001
 -1.2393929e+002  4.5975760e+001
 -1.2393949e+002  4.5975718e+001
 -1.2393956e+002  4.5975696e+001
 -1.2393970e+002  4.5975645e+001
 -1.2393989e+002  4.5975488e+001
 -1.2393991e+002  4.5975480e+001
 -1.2394011e+002  4.5975445e+001
 -1.2394032e+002  4.5975418e+001
 -1.2394053e+002  4.5975418e+001
 -1.2394074e+002  4.5975422e+001
 -1.2394094e+002  4.5975430e+001
 -1.2394115e+002  4.5975420e+001
 -1.2394136e+002  4.5975406e+001
 -1.2394157e+002  4.5975295e+001
 -1.2394160e+002  4.5975279e+001
 -1.2394177e+002  4.5975243e+001
 -1.2394198e+002  4.5975208e+001
 -1.2394219e+002  4.5975206e+001
 -1.2394240e+002  4.5975205e+001
 -1.2394260e+002  4.5975213e+001
 -1.2394281e+002  4.5975203e+001
 -1.2394302e+002  4.5975205e+001
 -1.2394323e+002  4.5975205e+001
 -1.2394343e+002  4.5975215e+001
 -1.2394364e+002  4.5975206e+001
 -1.2394385e+002  4.5975206e+001
 -1.2394406e+002  4.5975214e+001
 -1.2394426e+002  4.5975206e+001
 -1.2394447e+002  4.5975229e+001
 -1.2394456e+002  4.5975279e+001
 -1.2394468e+002  4.5975365e+001
 -1.2394488e+002  4.5975407e+001
 -1.2394509e+002  4.5975414e+001
 -1.2394530e+002  4.5975413e+001
 -1.2394550e+002  4.5975413e+001
