 -1.2392919e+002  4.6019991e+001
 -1.2392919e+002  4.6019901e+001
 -1.2392919e+002  4.6019777e+001
 -1.2392918e+002  4.6019653e+001
 -1.2392917e+002  4.6019529e+001
 -1.2392918e+002  4.6019405e+001
 -1.2392917e+002  4.6019280e+001
 -1.2392916e+002  4.6019156e+001
 -1.2392914e+002  4.6019057e+001
 -1.2392913e+002  4.6019032e+001
 -1.2392910e+002  4.6018908e+001
 -1.2392906e+002  4.6018783e+001
 -1.2392904e+002  4.6018659e+001
 -1.2392903e+002  4.6018645e+001
 -1.2392901e+002  4.6018535e+001
 -1.2392899e+002  4.6018411e+001
 -1.2392899e+002  4.6018287e+001
 -1.2392898e+002  4.6018162e+001
 -1.2392898e+002  4.6018038e+001
 -1.2392897e+002  4.6017914e+001
 -1.2392897e+002  4.6017790e+001
 -1.2392896e+002  4.6017666e+001
 -1.2392897e+002  4.6017541e+001
 -1.2392895e+002  4.6017417e+001
 -1.2392895e+002  4.6017293e+001
 -1.2392896e+002  4.6017169e+001
 -1.2392895e+002  4.6017045e+001
 -1.2392894e+002  4.6016920e+001
 -1.2392893e+002  4.6016796e+001
 -1.2392892e+002  4.6016672e+001
 -1.2392892e+002  4.6016665e+001
 -1.2392889e+002  4.6016548e+001
 -1.2392888e+002  4.6016424e+001
 -1.2392884e+002  4.6016299e+001
 -1.2392882e+002  4.6016175e+001
 -1.2392881e+002  4.6016051e+001
 -1.2392881e+002  4.6016047e+001
 -1.2392876e+002  4.6015927e+001
 -1.2392872e+002  4.6015802e+001
 -1.2392870e+002  4.6015726e+001
 -1.2392868e+002  4.6015678e+001
 -1.2392864e+002  4.6015554e+001
 -1.2392859e+002  4.6015430e+001
 -1.2392859e+002  4.6015410e+001
 -1.2392854e+002  4.6015306e+001
 -1.2392851e+002  4.6015181e+001
 -1.2392850e+002  4.6015057e+001
 -1.2392849e+002  4.6014933e+001
 -1.2392848e+002  4.6014848e+001
 -1.2392847e+002  4.6014809e+001
 -1.2392845e+002  4.6014685e+001
 -1.2392842e+002  4.6014560e+001
 -1.2392840e+002  4.6014436e+001
 -1.2392837e+002  4.6014357e+001
 -1.2392833e+002  4.6014312e+001
 -1.2392827e+002  4.6014188e+001
 -1.2392825e+002  4.6014136e+001
 -1.2392822e+002  4.6014064e+001
 -1.2392819e+002  4.6013939e+001
 -1.2392814e+002  4.6013823e+001
 -1.2392814e+002  4.6013815e+001
 -1.2392806e+002  4.6013691e+001
 -1.2392803e+002  4.6013638e+001
 -1.2392799e+002  4.6013567e+001
 -1.2392795e+002  4.6013443e+001
 -1.2392792e+002  4.6013349e+001
 -1.2392791e+002  4.6013318e+001
 -1.2392784e+002  4.6013194e+001
 -1.2392781e+002  4.6013143e+001
 -1.2392775e+002  4.6013070e+001
 -1.2392770e+002  4.6013022e+001
 -1.2392759e+002  4.6012948e+001
 -1.2392758e+002  4.6012946e+001
 -1.2392748e+002  4.6012890e+001
 -1.2392741e+002  4.6012821e+001
 -1.2392736e+002  4.6012767e+001
 -1.2392730e+002  4.6012697e+001
 -1.2392725e+002  4.6012645e+001
 -1.2392714e+002  4.6012578e+001
 -1.2392713e+002  4.6012573e+001
 -1.2392703e+002  4.6012541e+001
 -1.2392692e+002  4.6012504e+001
 -1.2392681e+002  4.6012452e+001
 -1.2392680e+002  4.6012449e+001
 -1.2392670e+002  4.6012404e+001
 -1.2392659e+002  4.6012370e+001
 -1.2392647e+002  4.6012335e+001
 -1.2392644e+002  4.6012325e+001
 -1.2392636e+002  4.6012306e+001
 -1.2392625e+002  4.6012284e+001
 -1.2392614e+002  4.6012263e+001
 -1.2392603e+002  4.6012202e+001
 -1.2392603e+002  4.6012200e+001
 -1.2392598e+002  4.6012076e+001
 -1.2392595e+002  4.6011952e+001
 -1.2392592e+002  4.6011915e+001
 -1.2392586e+002  4.6011828e+001
 -1.2392581e+002  4.6011782e+001
 -1.2392572e+002  4.6011704e+001
 -1.2392570e+002  4.6011659e+001
 -1.2392564e+002  4.6011579e+001
 -1.2392559e+002  4.6011455e+001
 -1.2392558e+002  4.6011419e+001
 -1.2392552e+002  4.6011331e+001
 -1.2392547e+002  4.6011312e+001
 -1.2392536e+002  4.6011299e+001
 -1.2392525e+002  4.6011300e+001
 -1.2392514e+002  4.6011331e+001
 -1.2392514e+002  4.6011333e+001
 -1.2392503e+002  4.6011380e+001
 -1.2392492e+002  4.6011396e+001
 -1.2392481e+002  4.6011403e+001
 -1.2392470e+002  4.6011401e+001
 -1.2392458e+002  4.6011397e+001
 -1.2392447e+002  4.6011381e+001
 -1.2392436e+002  4.6011374e+001
 -1.2392425e+002  4.6011350e+001
 -1.2392421e+002  4.6011331e+001
 -1.2392414e+002  4.6011303e+001
 -1.2392403e+002  4.6011229e+001
 -1.2392400e+002  4.6011207e+001
 -1.2392392e+002  4.6011139e+001
 -1.2392383e+002  4.6011083e+001
 -1.2392381e+002  4.6011064e+001
 -1.2392369e+002  4.6010987e+001
 -1.2392367e+002  4.6010958e+001
 -1.2392358e+002  4.6010879e+001
 -1.2392355e+002  4.6010834e+001
 -1.2392347e+002  4.6010710e+001
 -1.2392347e+002  4.6010706e+001
 -1.2392343e+002  4.6010586e+001
 -1.2392339e+002  4.6010461e+001
 -1.2392336e+002  4.6010342e+001
 -1.2392336e+002  4.6010337e+001
 -1.2392332e+002  4.6010213e+001
 -1.2392326e+002  4.6010089e+001
 -1.2392325e+002  4.6010068e+001
 -1.2392320e+002  4.6009965e+001
 -1.2392315e+002  4.6009840e+001
 -1.2392314e+002  4.6009820e+001
 -1.2392309e+002  4.6009716e+001
 -1.2392307e+002  4.6009592e+001
 -1.2392306e+002  4.6009468e+001
 -1.2392307e+002  4.6009344e+001
 -1.2392308e+002  4.6009219e+001
 -1.2392307e+002  4.6009095e+001
 -1.2392308e+002  4.6008971e+001
 -1.2392314e+002  4.6008847e+001
 -1.2392314e+002  4.6008846e+001
 -1.2392325e+002  4.6008723e+001
 -1.2392325e+002  4.6008722e+001
 -1.2392336e+002  4.6008642e+001
 -1.2392341e+002  4.6008598e+001
 -1.2392347e+002  4.6008523e+001
 -1.2392352e+002  4.6008474e+001
 -1.2392358e+002  4.6008423e+001
 -1.2392369e+002  4.6008350e+001
 -1.2392369e+002  4.6008348e+001
 -1.2392381e+002  4.6008305e+001
 -1.2392392e+002  4.6008284e+001
 -1.2392403e+002  4.6008302e+001
 -1.2392414e+002  4.6008315e+001
 -1.2392425e+002  4.6008333e+001
 -1.2392436e+002  4.6008335e+001
 -1.2392447e+002  4.6008260e+001
 -1.2392449e+002  4.6008226e+001
 -1.2392452e+002  4.6008102e+001
 -1.2392452e+002  4.6007977e+001
 -1.2392452e+002  4.6007853e+001
 -1.2392456e+002  4.6007729e+001
 -1.2392458e+002  4.6007702e+001
 -1.2392470e+002  4.6007617e+001
 -1.2392472e+002  4.6007605e+001
 -1.2392481e+002  4.6007561e+001
 -1.2392492e+002  4.6007504e+001
 -1.2392497e+002  4.6007480e+001
 -1.2392503e+002  4.6007449e+001
 -1.2392514e+002  4.6007397e+001
 -1.2392524e+002  4.6007356e+001
 -1.2392525e+002  4.6007353e+001
 -1.2392536e+002  4.6007300e+001
 -1.2392547e+002  4.6007251e+001
 -1.2392552e+002  4.6007232e+001
 -1.2392558e+002  4.6007193e+001
 -1.2392569e+002  4.6007108e+001
 -1.2392570e+002  4.6007100e+001
 -1.2392581e+002  4.6007021e+001
 -1.2392585e+002  4.6006984e+001
 -1.2392592e+002  4.6006871e+001
 -1.2392593e+002  4.6006859e+001
 -1.2392599e+002  4.6006735e+001
 -1.2392603e+002  4.6006671e+001
 -1.2392606e+002  4.6006611e+001
 -1.2392612e+002  4.6006487e+001
 -1.2392614e+002  4.6006465e+001
 -1.2392619e+002  4.6006363e+001
 -1.2392623e+002  4.6006238e+001
 -1.2392625e+002  4.6006163e+001
 -1.2392627e+002  4.6006114e+001
 -1.2392631e+002  4.6005990e+001
 -1.2392636e+002  4.6005866e+001
 -1.2392636e+002  4.6005866e+001
 -1.2392638e+002  4.6005742e+001
 -1.2392640e+002  4.6005617e+001
 -1.2392642e+002  4.6005493e+001
 -1.2392643e+002  4.6005369e+001
 -1.2392644e+002  4.6005245e+001
 -1.2392643e+002  4.6005121e+001
 -1.2392641e+002  4.6004996e+001
 -1.2392641e+002  4.6004872e+001
 -1.2392639e+002  4.6004748e+001
 -1.2392647e+002  4.6004650e+001
 -1.2392649e+002  4.6004624e+001
 -1.2392659e+002  4.6004550e+001
 -1.2392661e+002  4.6004499e+001
 -1.2392664e+002  4.6004375e+001
 -1.2392670e+002  4.6004254e+001
 -1.2392670e+002  4.6004251e+001
 -1.2392674e+002  4.6004127e+001
 -1.2392677e+002  4.6004003e+001
 -1.2392681e+002  4.6003892e+001
 -1.2392681e+002  4.6003878e+001
 -1.2392688e+002  4.6003754e+001
 -1.2392692e+002  4.6003722e+001
 -1.2392703e+002  4.6003640e+001
 -1.2392704e+002  4.6003630e+001
 -1.2392714e+002  4.6003535e+001
 -1.2392717e+002  4.6003506e+001
 -1.2392725e+002  4.6003403e+001
 -1.2392727e+002  4.6003382e+001
 -1.2392733e+002  4.6003257e+001
 -1.2392736e+002  4.6003164e+001
 -1.2392738e+002  4.6003133e+001
 -1.2392744e+002  4.6003009e+001
 -1.2392748e+002  4.6002970e+001
 -1.2392755e+002  4.6002885e+001
 -1.2392759e+002  4.6002852e+001
 -1.2392767e+002  4.6002761e+001
 -1.2392770e+002  4.6002730e+001
 -1.2392776e+002  4.6002636e+001
 -1.2392781e+002  4.6002554e+001
 -1.2392783e+002  4.6002512e+001
 -1.2392792e+002  4.6002388e+001
 -1.2392792e+002  4.6002386e+001
 -1.2392800e+002  4.6002264e+001
 -1.2392803e+002  4.6002192e+001
 -1.2392807e+002  4.6002139e+001
 -1.2392812e+002  4.6002015e+001
 -1.2392814e+002  4.6001958e+001
 -1.2392817e+002  4.6001891e+001
 -1.2392821e+002  4.6001767e+001
 -1.2392821e+002  4.6001643e+001
 -1.2392814e+002  4.6001548e+001
 -1.2392812e+002  4.6001518e+001
 -1.2392803e+002  4.6001429e+001
 -1.2392801e+002  4.6001394e+001
 -1.2392798e+002  4.6001270e+001
 -1.2392795e+002  4.6001146e+001
 -1.2392794e+002  4.6001022e+001
 -1.2392794e+002  4.6000897e+001
 -1.2392795e+002  4.6000773e+001
 -1.2392797e+002  4.6000649e+001
 -1.2392802e+002  4.6000525e+001
 -1.2392803e+002  4.6000490e+001
 -1.2392809e+002  4.6000401e+001
 -1.2392814e+002  4.6000339e+001
 -1.2392822e+002  4.6000276e+001
 -1.2392825e+002  4.6000256e+001
 -1.2392837e+002  4.6000187e+001
 -1.2392841e+002  4.6000152e+001
 -1.2392848e+002  4.6000104e+001
 -1.2392857e+002  4.6000028e+001
 -1.2392859e+002  4.6000016e+001
 -1.2392870e+002  4.5999959e+001
 -1.2392877e+002  4.5999904e+001
 -1.2392880e+002  4.5999780e+001
 -1.2392878e+002  4.5999655e+001
 -1.2392875e+002  4.5999531e+001
 -1.2392870e+002  4.5999407e+001
 -1.2392870e+002  4.5999393e+001
 -1.2392867e+002  4.5999283e+001
 -1.2392865e+002  4.5999158e+001
 -1.2392864e+002  4.5999034e+001
 -1.2392865e+002  4.5998910e+001
 -1.2392870e+002  4.5998790e+001
 -1.2392870e+002  4.5998786e+001
 -1.2392874e+002  4.5998662e+001
 -1.2392877e+002  4.5998537e+001
 -1.2392881e+002  4.5998413e+001
 -1.2392881e+002  4.5998401e+001
 -1.2392885e+002  4.5998289e+001
 -1.2392888e+002  4.5998165e+001
 -1.2392892e+002  4.5998080e+001
 -1.2392893e+002  4.5998041e+001
 -1.2392897e+002  4.5997916e+001
 -1.2392901e+002  4.5997792e+001
 -1.2392903e+002  4.5997713e+001
 -1.2392904e+002  4.5997668e+001
 -1.2392907e+002  4.5997544e+001
 -1.2392909e+002  4.5997420e+001
 -1.2392910e+002  4.5997295e+001
 -1.2392913e+002  4.5997171e+001
 -1.2392914e+002  4.5997119e+001
 -1.2392917e+002  4.5997047e+001
 -1.2392921e+002  4.5996923e+001
 -1.2392926e+002  4.5996811e+001
 -1.2392926e+002  4.5996799e+001
 -1.2392930e+002  4.5996674e+001
 -1.2392934e+002  4.5996550e+001
 -1.2392937e+002  4.5996489e+001
 -1.2392938e+002  4.5996426e+001
 -1.2392940e+002  4.5996302e+001
 -1.2392942e+002  4.5996177e+001
 -1.2392945e+002  4.5996053e+001
 -1.2392948e+002  4.5995976e+001
 -1.2392949e+002  4.5995929e+001
 -1.2392953e+002  4.5995805e+001
 -1.2392958e+002  4.5995681e+001
 -1.2392959e+002  4.5995643e+001
 -1.2392961e+002  4.5995556e+001
 -1.2392965e+002  4.5995432e+001
 -1.2392968e+002  4.5995308e+001
 -1.2392970e+002  4.5995262e+001
 -1.2392973e+002  4.5995184e+001
 -1.2392977e+002  4.5995060e+001
 -1.2392981e+002  4.5994935e+001
 -1.2392981e+002  4.5994927e+001
 -1.2392984e+002  4.5994811e+001
 -1.2392988e+002  4.5994687e+001
 -1.2392992e+002  4.5994563e+001
 -1.2392992e+002  4.5994551e+001
 -1.2392996e+002  4.5994439e+001
 -1.2392999e+002  4.5994314e+001
 -1.2393003e+002  4.5994196e+001
 -1.2393004e+002  4.5994190e+001
 -1.2393007e+002  4.5994066e+001
 -1.2393011e+002  4.5993942e+001
 -1.2393012e+002  4.5993817e+001
 -1.2393014e+002  4.5993693e+001
 -1.2393015e+002  4.5993668e+001
 -1.2393016e+002  4.5993569e+001
 -1.2393018e+002  4.5993445e+001
 -1.2393022e+002  4.5993321e+001
 -1.2393026e+002  4.5993237e+001
 -1.2393028e+002  4.5993196e+001
 -1.2393035e+002  4.5993072e+001
 -1.2393037e+002  4.5993042e+001
 -1.2393042e+002  4.5992948e+001
 -1.2393048e+002  4.5992824e+001
 -1.2393048e+002  4.5992816e+001
 -1.2393050e+002  4.5992700e+001
 -1.2393053e+002  4.5992575e+001
 -1.2393059e+002  4.5992451e+001
 -1.2393059e+002  4.5992444e+001
 -1.2393064e+002  4.5992327e+001
 -1.2393070e+002  4.5992217e+001
 -1.2393071e+002  4.5992203e+001
 -1.2393076e+002  4.5992079e+001
 -1.2393080e+002  4.5991954e+001
 -1.2393081e+002  4.5991935e+001
 -1.2393087e+002  4.5991830e+001
 -1.2393092e+002  4.5991720e+001
 -1.2393093e+002  4.5991706e+001
 -1.2393097e+002  4.5991582e+001
 -1.2393101e+002  4.5991458e+001
 -1.2393103e+002  4.5991393e+001
 -1.2393105e+002  4.5991333e+001
 -1.2393109e+002  4.5991209e+001
 -1.2393115e+002  4.5991085e+001
 -1.2393115e+002  4.5991067e+001
 -1.2393115e+002  4.5990961e+001
 -1.2393116e+002  4.5990836e+001
 -1.2393121e+002  4.5990712e+001
 -1.2393125e+002  4.5990588e+001
 -1.2393126e+002  4.5990553e+001
 -1.2393127e+002  4.5990464e+001
 -1.2393129e+002  4.5990340e+001
 -1.2393133e+002  4.5990215e+001
 -1.2393137e+002  4.5990124e+001
 -1.2393139e+002  4.5990091e+001
 -1.2393147e+002  4.5989967e+001
 -1.2393148e+002  4.5989949e+001
 -1.2393155e+002  4.5989843e+001
 -1.2393159e+002  4.5989767e+001
 -1.2393161e+002  4.5989719e+001
 -1.2393166e+002  4.5989594e+001
 -1.2393170e+002  4.5989521e+001
 -1.2393173e+002  4.5989470e+001
 -1.2393181e+002  4.5989346e+001
 -1.2393181e+002  4.5989340e+001
 -1.2393186e+002  4.5989222e+001
 -1.2393191e+002  4.5989098e+001
 -1.2393192e+002  4.5989059e+001
 -1.2393195e+002  4.5988973e+001
 -1.2393201e+002  4.5988849e+001
 -1.2393204e+002  4.5988802e+001
 -1.2393207e+002  4.5988725e+001
 -1.2393212e+002  4.5988601e+001
 -1.2393215e+002  4.5988523e+001
 -1.2393216e+002  4.5988477e+001
 -1.2393219e+002  4.5988352e+001
 -1.2393222e+002  4.5988228e+001
 -1.2393225e+002  4.5988104e+001
 -1.2393225e+002  4.5987980e+001
 -1.2393226e+002  4.5987894e+001
 -1.2393226e+002  4.5987855e+001
 -1.2393229e+002  4.5987731e+001
 -1.2393232e+002  4.5987607e+001
 -1.2393237e+002  4.5987483e+001
 -1.2393237e+002  4.5987479e+001
 -1.2393242e+002  4.5987359e+001
 -1.2393248e+002  4.5987263e+001
 -1.2393250e+002  4.5987234e+001
 -1.2393259e+002  4.5987110e+001
 -1.2393259e+002  4.5987102e+001
 -1.2393266e+002  4.5986986e+001
 -1.2393270e+002  4.5986886e+001
 -1.2393271e+002  4.5986862e+001
 -1.2393274e+002  4.5986738e+001
 -1.2393280e+002  4.5986613e+001
 -1.2393281e+002  4.5986560e+001
 -1.2393283e+002  4.5986489e+001
 -1.2393287e+002  4.5986365e+001
 -1.2393291e+002  4.5986241e+001
 -1.2393293e+002  4.5986185e+001
 -1.2393295e+002  4.5986117e+001
 -1.2393301e+002  4.5985992e+001
 -1.2393304e+002  4.5985932e+001
 -1.2393306e+002  4.5985868e+001
 -1.2393309e+002  4.5985744e+001
 -1.2393311e+002  4.5985620e+001
 -1.2393315e+002  4.5985503e+001
 -1.2393315e+002  4.5985495e+001
 -1.2393321e+002  4.5985371e+001
 -1.2393326e+002  4.5985301e+001
 -1.2393328e+002  4.5985247e+001
 -1.2393333e+002  4.5985123e+001
 -1.2393337e+002  4.5985015e+001
 -1.2393337e+002  4.5984999e+001
 -1.2393338e+002  4.5984874e+001
 -1.2393340e+002  4.5984750e+001
 -1.2393345e+002  4.5984626e+001
 -1.2393348e+002  4.5984559e+001
 -1.2393351e+002  4.5984502e+001
 -1.2393355e+002  4.5984378e+001
 -1.2393358e+002  4.5984253e+001
 -1.2393359e+002  4.5984208e+001
 -1.2393361e+002  4.5984129e+001
 -1.2393363e+002  4.5984005e+001
 -1.2393365e+002  4.5983881e+001
 -1.2393366e+002  4.5983757e+001
 -1.2393368e+002  4.5983632e+001
 -1.2393369e+002  4.5983508e+001
 -1.2393370e+002  4.5983394e+001
 -1.2393370e+002  4.5983384e+001
 -1.2393371e+002  4.5983260e+001
 -1.2393372e+002  4.5983136e+001
 -1.2393374e+002  4.5983011e+001
 -1.2393376e+002  4.5982887e+001
 -1.2393377e+002  4.5982763e+001
 -1.2393378e+002  4.5982639e+001
 -1.2393380e+002  4.5982514e+001
 -1.2393382e+002  4.5982426e+001
 -1.2393382e+002  4.5982390e+001
 -1.2393384e+002  4.5982266e+001
 -1.2393385e+002  4.5982142e+001
 -1.2393387e+002  4.5982018e+001
 -1.2393391e+002  4.5981893e+001
 -1.2393393e+002  4.5981863e+001
 -1.2393395e+002  4.5981769e+001
 -1.2393400e+002  4.5981645e+001
 -1.2393404e+002  4.5981522e+001
 -1.2393404e+002  4.5981521e+001
 -1.2393408e+002  4.5981397e+001
 -1.2393414e+002  4.5981272e+001
 -1.2393415e+002  4.5981262e+001
 -1.2393422e+002  4.5981148e+001
 -1.2393426e+002  4.5981059e+001
 -1.2393427e+002  4.5981024e+001
 -1.2393431e+002  4.5980900e+001
 -1.2393437e+002  4.5980776e+001
 -1.2393437e+002  4.5980764e+001
 -1.2393441e+002  4.5980651e+001
 -1.2393447e+002  4.5980527e+001
 -1.2393448e+002  4.5980494e+001
 -1.2393451e+002  4.5980403e+001
 -1.2393456e+002  4.5980279e+001
 -1.2393459e+002  4.5980170e+001
 -1.2393460e+002  4.5980155e+001
 -1.2393463e+002  4.5980030e+001
 -1.2393467e+002  4.5979906e+001
 -1.2393470e+002  4.5979782e+001
 -1.2393471e+002  4.5979755e+001
 -1.2393473e+002  4.5979658e+001
 -1.2393475e+002  4.5979533e+001
 -1.2393477e+002  4.5979409e+001
 -1.2393482e+002  4.5979328e+001
 -1.2393484e+002  4.5979285e+001
 -1.2393490e+002  4.5979161e+001
 -1.2393493e+002  4.5979094e+001
 -1.2393494e+002  4.5979037e+001
 -1.2393498e+002  4.5978912e+001
 -1.2393504e+002  4.5978788e+001
 -1.2393504e+002  4.5978787e+001
 -1.2393508e+002  4.5978664e+001
 -1.2393510e+002  4.5978540e+001
 -1.2393511e+002  4.5978416e+001
 -1.2393515e+002  4.5978295e+001
 -1.2393515e+002  4.5978291e+001
 -1.2393522e+002  4.5978167e+001
 -1.2393526e+002  4.5978112e+001
 -1.2393533e+002  4.5978043e+001
 -1.2393537e+002  4.5978007e+001
 -1.2393545e+002  4.5977919e+001
 -1.2393548e+002  4.5977885e+001
 -1.2393554e+002  4.5977795e+001
 -1.2393560e+002  4.5977732e+001
 -1.2393563e+002  4.5977670e+001
 -1.2393571e+002  4.5977560e+001
 -1.2393571e+002  4.5977546e+001
 -1.2393578e+002  4.5977422e+001
 -1.2393582e+002  4.5977342e+001
 -1.2393584e+002  4.5977298e+001
 -1.2393591e+002  4.5977173e+001
 -1.2393593e+002  4.5977150e+001
 -1.2393600e+002  4.5977049e+001
 -1.2393604e+002  4.5976983e+001
 -1.2393607e+002  4.5976925e+001
 -1.2393612e+002  4.5976801e+001
 -1.2393615e+002  4.5976711e+001
 -1.2393616e+002  4.5976677e+001
 -1.2393621e+002  4.5976552e+001
 -1.2393625e+002  4.5976428e+001
 -1.2393626e+002  4.5976335e+001
 -1.2393627e+002  4.5976304e+001
 -1.2393626e+002  4.5976238e+001
 -1.2393626e+002  4.5976180e+001
 -1.2393623e+002  4.5976056e+001
 -1.2393624e+002  4.5975931e+001
 -1.2393615e+002  4.5975849e+001
 -1.2393604e+002  4.5975883e+001
 -1.2393593e+002  4.5975905e+001
 -1.2393582e+002  4.5975918e+001
 -1.2393571e+002  4.5975926e+001
 -1.2393564e+002  4.5975931e+001
 -1.2393560e+002  4.5975935e+001
 -1.2393548e+002  4.5975948e+001
 -1.2393537e+002  4.5975967e+001
 -1.2393526e+002  4.5975983e+001
 -1.2393515e+002  4.5975993e+001
 -1.2393504e+002  4.5975995e+001
 -1.2393493e+002  4.5975951e+001
 -1.2393487e+002  4.5975931e+001
 -1.2393482e+002  4.5975899e+001
 -1.2393471e+002  4.5975839e+001
 -1.2393468e+002  4.5975807e+001
 -1.2393468e+002  4.5975683e+001
 -1.2393462e+002  4.5975559e+001
 -1.2393459e+002  4.5975544e+001
 -1.2393448e+002  4.5975456e+001
 -1.2393446e+002  4.5975435e+001
 -1.2393437e+002  4.5975365e+001
 -1.2393431e+002  4.5975310e+001
 -1.2393426e+002  4.5975268e+001
 -1.2393419e+002  4.5975186e+001
 -1.2393415e+002  4.5975136e+001
 -1.2393410e+002  4.5975062e+001
 -1.2393404e+002  4.5974956e+001
 -1.2393403e+002  4.5974938e+001
 -1.2393395e+002  4.5974814e+001
 -1.2393393e+002  4.5974763e+001
 -1.2393388e+002  4.5974689e+001
 -1.2393383e+002  4.5974565e+001
 -1.2393382e+002  4.5974531e+001
 -1.2393378e+002  4.5974441e+001
 -1.2393372e+002  4.5974317e+001
 -1.2393370e+002  4.5974282e+001
 -1.2393366e+002  4.5974192e+001
 -1.2393361e+002  4.5974068e+001
 -1.2393359e+002  4.5973956e+001
 -1.2393359e+002  4.5973944e+001
 -1.2393359e+002  4.5973883e+001
 -1.2393360e+002  4.5973820e+001
 -1.2393364e+002  4.5973696e+001
 -1.2393370e+002  4.5973571e+001
 -1.2393370e+002  4.5973551e+001
 -1.2393376e+002  4.5973447e+001
 -1.2393382e+002  4.5973390e+001
 -1.2393392e+002  4.5973323e+001
 -1.2393393e+002  4.5973317e+001
 -1.2393404e+002  4.5973247e+001
 -1.2393415e+002  4.5973228e+001
 -1.2393426e+002  4.5973236e+001
 -1.2393437e+002  4.5973244e+001
 -1.2393448e+002  4.5973252e+001
 -1.2393459e+002  4.5973282e+001
 -1.2393471e+002  4.5973308e+001
 -1.2393479e+002  4.5973323e+001
 -1.2393482e+002  4.5973329e+001
 -1.2393493e+002  4.5973349e+001
 -1.2393504e+002  4.5973375e+001
 -1.2393515e+002  4.5973416e+001
 -1.2393523e+002  4.5973447e+001
 -1.2393526e+002  4.5973462e+001
 -1.2393537e+002  4.5973505e+001
 -1.2393548e+002  4.5973543e+001
 -1.2393556e+002  4.5973571e+001
 -1.2393560e+002  4.5973589e+001
 -1.2393571e+002  4.5973684e+001
 -1.2393572e+002  4.5973696e+001
 -1.2393582e+002  4.5973797e+001
 -1.2393585e+002  4.5973820e+001
 -1.2393593e+002  4.5973878e+001
 -1.2393604e+002  4.5973934e+001
 -1.2393606e+002  4.5973944e+001
 -1.2393615e+002  4.5973990e+001
 -1.2393626e+002  4.5974068e+001
 -1.2393626e+002  4.5974071e+001
 -1.2393637e+002  4.5974145e+001
 -1.2393648e+002  4.5974190e+001
 -1.2393649e+002  4.5974192e+001
 -1.2393660e+002  4.5974225e+001
 -1.2393671e+002  4.5974265e+001
 -1.2393681e+002  4.5974317e+001
 -1.2393682e+002  4.5974321e+001
 -1.2393693e+002  4.5974364e+001
 -1.2393704e+002  4.5974392e+001
 -1.2393715e+002  4.5974416e+001
 -1.2393726e+002  4.5974440e+001
 -1.2393727e+002  4.5974441e+001
 -1.2393737e+002  4.5974464e+001
 -1.2393749e+002  4.5974484e+001
 -1.2393760e+002  4.5974490e+001
 -1.2393771e+002  4.5974488e+001
 -1.2393782e+002  4.5974482e+001
 -1.2393793e+002  4.5974479e+001
 -1.2393804e+002  4.5974473e+001
 -1.2393815e+002  4.5974468e+001
 -1.2393826e+002  4.5974470e+001
 -1.2393838e+002  4.5974506e+001
 -1.2393843e+002  4.5974565e+001
 -1.2393849e+002  4.5974611e+001
 -1.2393858e+002  4.5974689e+001
 -1.2393860e+002  4.5974712e+001
 -1.2393868e+002  4.5974814e+001
 -1.2393871e+002  4.5974845e+001
 -1.2393882e+002  4.5974937e+001
 -1.2393882e+002  4.5974938e+001
 -1.2393893e+002  4.5975006e+001
 -1.2393902e+002  4.5975062e+001
 -1.2393904e+002  4.5975076e+001
 -1.2393915e+002  4.5975118e+001
 -1.2393927e+002  4.5975138e+001
 -1.2393938e+002  4.5975146e+001
 -1.2393949e+002  4.5975147e+001
 -1.2393960e+002  4.5975136e+001
 -1.2393971e+002  4.5975125e+001
 -1.2393982e+002  4.5975116e+001
 -1.2393993e+002  4.5975113e+001
 -1.2394004e+002  4.5975113e+001
 -1.2394016e+002  4.5975110e+001
 -1.2394027e+002  4.5975107e+001
 -1.2394038e+002  4.5975104e+001
 -1.2394049e+002  4.5975104e+001
 -1.2394060e+002  4.5975104e+001
 -1.2394071e+002  4.5975094e+001
 -1.2394082e+002  4.5975082e+001
 -1.2394093e+002  4.5975068e+001
 -1.2394098e+002  4.5975062e+001
 -1.2394105e+002  4.5975050e+001
 -1.2394116e+002  4.5975030e+001
 -1.2394127e+002  4.5974993e+001
 -1.2394138e+002  4.5974959e+001
 -1.2394146e+002  4.5974938e+001
 -1.2394149e+002  4.5974927e+001
 -1.2394160e+002  4.5974900e+001
 -1.2394171e+002  4.5974877e+001
 -1.2394182e+002  4.5974838e+001
 -1.2394192e+002  4.5974814e+001
 -1.2394193e+002  4.5974809e+001
 -1.2394205e+002  4.5974774e+001
 -1.2394216e+002  4.5974744e+001
 -1.2394227e+002  4.5974723e+001
 -1.2394238e+002  4.5974698e+001
 -1.2394245e+002  4.5974689e+001
 -1.2394249e+002  4.5974679e+001
 -1.2394260e+002  4.5974663e+001
 -1.2394271e+002  4.5974672e+001
 -1.2394276e+002  4.5974689e+001
 -1.2394282e+002  4.5974702e+001
 -1.2394294e+002  4.5974735e+001
 -1.2394305e+002  4.5974766e+001
 -1.2394316e+002  4.5974771e+001
 -1.2394327e+002  4.5974776e+001
 -1.2394338e+002  4.5974787e+001
 -1.2394349e+002  4.5974799e+001
 -1.2394359e+002  4.5974814e+001
 -1.2394360e+002  4.5974816e+001
 -1.2394371e+002  4.5974825e+001
 -1.2394383e+002  4.5974838e+001
 -1.2394394e+002  4.5974860e+001
 -1.2394405e+002  4.5974892e+001
 -1.2394414e+002  4.5974938e+001
 -1.2394416e+002  4.5974943e+001
 -1.2394427e+002  4.5974960e+001
 -1.2394438e+002  4.5974985e+001
 -1.2394449e+002  4.5975012e+001
 -1.2394460e+002  4.5975020e+001
 -1.2394472e+002  4.5975028e+001
 -1.2394483e+002  4.5975030e+001
 -1.2394494e+002  4.5975039e+001
 -1.2394505e+002  4.5975057e+001
 -1.2394508e+002  4.5975062e+001
 -1.2394516e+002  4.5975071e+001
 -1.2394527e+002  4.5975087e+001
 -1.2394538e+002  4.5975099e+001
 -1.2394549e+002  4.5975114e+001
 -1.2394550e+002  4.5975115e+001
