 -1.2392896e+002  4.6019991e+001
 -1.2392895e+002  4.6019874e+001
 -1.2392896e+002  4.6019674e+001
 -1.2392896e+002  4.6019474e+001
 -1.2392895e+002  4.6019274e+001
 -1.2392896e+002  4.6019074e+001
 -1.2392895e+002  4.6018874e+001
 -1.2392893e+002  4.6018674e+001
 -1.2392890e+002  4.6018551e+001
 -1.2392885e+002  4.6018474e+001
 -1.2392884e+002  4.6018274e+001
 -1.2392880e+002  4.6018074e+001
 -1.2392877e+002  4.6017874e+001
 -1.2392878e+002  4.6017674e+001
 -1.2392877e+002  4.6017474e+001
 -1.2392877e+002  4.6017274e+001
 -1.2392875e+002  4.6017074e+001
 -1.2392876e+002  4.6016874e+001
 -1.2392876e+002  4.6016674e+001
 -1.2392874e+002  4.6016474e+001
 -1.2392871e+002  4.6016274e+001
 -1.2392870e+002  4.6016074e+001
 -1.2392870e+002  4.6016072e+001
 -1.2392859e+002  4.6015875e+001
 -1.2392853e+002  4.6015675e+001
 -1.2392851e+002  4.6015475e+001
 -1.2392850e+002  4.6015453e+001
 -1.2392842e+002  4.6015275e+001
 -1.2392830e+002  4.6015116e+001
 -1.2392827e+002  4.6015075e+001
 -1.2392823e+002  4.6014875e+001
 -1.2392820e+002  4.6014675e+001
 -1.2392816e+002  4.6014475e+001
 -1.2392811e+002  4.6014275e+001
 -1.2392810e+002  4.6014211e+001
 -1.2392805e+002  4.6014075e+001
 -1.2392793e+002  4.6013875e+001
 -1.2392790e+002  4.6013837e+001
 -1.2392770e+002  4.6013688e+001
 -1.2392769e+002  4.6013675e+001
 -1.2392763e+002  4.6013475e+001
 -1.2392755e+002  4.6013275e+001
 -1.2392750e+002  4.6013226e+001
 -1.2392738e+002  4.6013075e+001
 -1.2392730e+002  4.6012999e+001
 -1.2392710e+002  4.6012930e+001
 -1.2392691e+002  4.6012897e+001
 -1.2392686e+002  4.6012875e+001
 -1.2392671e+002  4.6012729e+001
 -1.2392661e+002  4.6012675e+001
 -1.2392651e+002  4.6012641e+001
 -1.2392631e+002  4.6012582e+001
 -1.2392614e+002  4.6012475e+001
 -1.2392611e+002  4.6012463e+001
 -1.2392591e+002  4.6012400e+001
 -1.2392571e+002  4.6012406e+001
 -1.2392565e+002  4.6012475e+001
 -1.2392551e+002  4.6012586e+001
 -1.2392543e+002  4.6012675e+001
 -1.2392531e+002  4.6012839e+001
 -1.2392525e+002  4.6012875e+001
 -1.2392511e+002  4.6012933e+001
 -1.2392491e+002  4.6013016e+001
 -1.2392484e+002  4.6013075e+001
 -1.2392471e+002  4.6013207e+001
 -1.2392463e+002  4.6013275e+001
 -1.2392456e+002  4.6013475e+001
 -1.2392458e+002  4.6013675e+001
 -1.2392464e+002  4.6013875e+001
 -1.2392471e+002  4.6013958e+001
 -1.2392478e+002  4.6014075e+001
 -1.2392480e+002  4.6014275e+001
 -1.2392481e+002  4.6014475e+001
 -1.2392481e+002  4.6014675e+001
 -1.2392481e+002  4.6014875e+001
 -1.2392481e+002  4.6015075e+001
 -1.2392480e+002  4.6015275e+001
 -1.2392477e+002  4.6015475e+001
 -1.2392471e+002  4.6015656e+001
 -1.2392470e+002  4.6015675e+001
 -1.2392464e+002  4.6015875e+001
 -1.2392457e+002  4.6016074e+001
 -1.2392451e+002  4.6016187e+001
 -1.2392438e+002  4.6016274e+001
 -1.2392431e+002  4.6016322e+001
 -1.2392411e+002  4.6016433e+001
 -1.2392408e+002  4.6016474e+001
 -1.2392391e+002  4.6016591e+001
 -1.2392374e+002  4.6016674e+001
 -1.2392371e+002  4.6016711e+001
 -1.2392351e+002  4.6016791e+001
 -1.2392332e+002  4.6016874e+001
 -1.2392331e+002  4.6016895e+001
 -1.2392315e+002  4.6017074e+001
 -1.2392311e+002  4.6017099e+001
 -1.2392291e+002  4.6017153e+001
 -1.2392271e+002  4.6017218e+001
 -1.2392268e+002  4.6017274e+001
 -1.2392251e+002  4.6017395e+001
 -1.2392231e+002  4.6017418e+001
 -1.2392219e+002  4.6017474e+001
 -1.2392211e+002  4.6017529e+001
 -1.2392191e+002  4.6017594e+001
 -1.2392179e+002  4.6017674e+001
 -1.2392171e+002  4.6017815e+001
 -1.2392163e+002  4.6017874e+001
 -1.2392151e+002  4.6017985e+001
 -1.2392142e+002  4.6018074e+001
 -1.2392131e+002  4.6018138e+001
 -1.2392115e+002  4.6018274e+001
 -1.2392111e+002  4.6018347e+001
 -1.2392103e+002  4.6018474e+001
 -1.2392091e+002  4.6018672e+001
 -1.2392091e+002  4.6018674e+001
 -1.2392071e+002  4.6018719e+001
 -1.2392051e+002  4.6018733e+001
 -1.2392031e+002  4.6018752e+001
 -1.2392011e+002  4.6018759e+001
 -1.2391991e+002  4.6018762e+001
 -1.2391971e+002  4.6018772e+001
 -1.2391951e+002  4.6018778e+001
 -1.2391931e+002  4.6018783e+001
 -1.2391911e+002  4.6018783e+001
 -1.2391891e+002  4.6018809e+001
 -1.2391871e+002  4.6018839e+001
 -1.2391854e+002  4.6018874e+001
 -1.2391852e+002  4.6018880e+001
 -1.2391832e+002  4.6018978e+001
 -1.2391820e+002  4.6019074e+001
 -1.2391812e+002  4.6019274e+001
 -1.2391812e+002  4.6019277e+001
 -1.2391802e+002  4.6019474e+001
 -1.2391794e+002  4.6019674e+001
 -1.2391792e+002  4.6019778e+001
 -1.2391789e+002  4.6019874e+001
 -1.2391787e+002  4.6019991e+001
 -1.2391581e+002  4.6019991e+001
 -1.2391574e+002  4.6019874e+001
 -1.2391572e+002  4.6019839e+001
 -1.2391561e+002  4.6019674e+001
 -1.2391552e+002  4.6019610e+001
 -1.2391535e+002  4.6019474e+001
 -1.2391532e+002  4.6019405e+001
 -1.2391513e+002  4.6019274e+001
 -1.2391512e+002  4.6019251e+001
 -1.2391492e+002  4.6019082e+001
 -1.2391492e+002  4.6019074e+001
 -1.2391485e+002  4.6018874e+001
 -1.2391485e+002  4.6018674e+001
 -1.2391475e+002  4.6018474e+001
 -1.2391472e+002  4.6018462e+001
 -1.2391472e+002  4.6018474e+001
 -1.2391464e+002  4.6018674e+001
 -1.2391452e+002  4.6018798e+001
 -1.2391432e+002  4.6018829e+001
 -1.2391412e+002  4.6018818e+001
 -1.2391394e+002  4.6018874e+001
 -1.2391392e+002  4.6018883e+001
 -1.2391385e+002  4.6018874e+001
 -1.2391372e+002  4.6018809e+001
 -1.2391352e+002  4.6018791e+001
 -1.2391332e+002  4.6018698e+001
 -1.2391330e+002  4.6018674e+001
 -1.2391332e+002  4.6018527e+001
 -1.2391334e+002  4.6018474e+001
 -1.2391341e+002  4.6018274e+001
 -1.2391339e+002  4.6018074e+001
 -1.2391333e+002  4.6017874e+001
 -1.2391332e+002  4.6017865e+001
 -1.2391322e+002  4.6017674e+001
 -1.2391312e+002  4.6017599e+001
 -1.2391292e+002  4.6017538e+001
 -1.2391281e+002  4.6017474e+001
 -1.2391272e+002  4.6017381e+001
 -1.2391270e+002  4.6017274e+001
 -1.2391270e+002  4.6017074e+001
 -1.2391268e+002  4.6016874e+001
 -1.2391265e+002  4.6016674e+001
 -1.2391266e+002  4.6016474e+001
 -1.2391267e+002  4.6016274e+001
 -1.2391267e+002  4.6016074e+001
 -1.2391268e+002  4.6015875e+001
 -1.2391272e+002  4.6015675e+001
 -1.2391272e+002  4.6015475e+001
 -1.2391272e+002  4.6015340e+001
 -1.2391272e+002  4.6015275e+001
 -1.2391272e+002  4.6015270e+001
 -1.2391269e+002  4.6015075e+001
 -1.2391267e+002  4.6014875e+001
 -1.2391264e+002  4.6014675e+001
 -1.2391252e+002  4.6014510e+001
 -1.2391247e+002  4.6014475e+001
 -1.2391237e+002  4.6014275e+001
 -1.2391232e+002  4.6014223e+001
 -1.2391212e+002  4.6014148e+001
 -1.2391206e+002  4.6014075e+001
 -1.2391192e+002  4.6013947e+001
 -1.2391172e+002  4.6013914e+001
 -1.2391155e+002  4.6013875e+001
 -1.2391152e+002  4.6013849e+001
 -1.2391132e+002  4.6013773e+001
 -1.2391115e+002  4.6013675e+001
 -1.2391112e+002  4.6013632e+001
 -1.2391099e+002  4.6013475e+001
 -1.2391098e+002  4.6013275e+001
 -1.2391112e+002  4.6013138e+001
 -1.2391116e+002  4.6013075e+001
 -1.2391122e+002  4.6012875e+001
 -1.2391121e+002  4.6012675e+001
 -1.2391120e+002  4.6012475e+001
 -1.2391132e+002  4.6012290e+001
 -1.2391136e+002  4.6012275e+001
 -1.2391152e+002  4.6012221e+001
 -1.2391159e+002  4.6012275e+001
 -1.2391172e+002  4.6012319e+001
 -1.2391192e+002  4.6012376e+001
 -1.2391212e+002  4.6012461e+001
 -1.2391217e+002  4.6012475e+001
 -1.2391232e+002  4.6012575e+001
 -1.2391252e+002  4.6012601e+001
 -1.2391272e+002  4.6012617e+001
 -1.2391292e+002  4.6012547e+001
 -1.2391309e+002  4.6012475e+001
 -1.2391312e+002  4.6012465e+001
 -1.2391332e+002  4.6012414e+001
 -1.2391352e+002  4.6012421e+001
 -1.2391372e+002  4.6012426e+001
 -1.2391392e+002  4.6012435e+001
 -1.2391405e+002  4.6012475e+001
 -1.2391412e+002  4.6012513e+001
 -1.2391432e+002  4.6012535e+001
 -1.2391452e+002  4.6012586e+001
 -1.2391462e+002  4.6012675e+001
 -1.2391472e+002  4.6012766e+001
 -1.2391477e+002  4.6012875e+001
 -1.2391492e+002  4.6013049e+001
 -1.2391495e+002  4.6013075e+001
 -1.2391512e+002  4.6013177e+001
 -1.2391532e+002  4.6013221e+001
 -1.2391537e+002  4.6013275e+001
 -1.2391545e+002  4.6013475e+001
 -1.2391552e+002  4.6013565e+001
 -1.2391569e+002  4.6013675e+001
 -1.2391572e+002  4.6013703e+001
 -1.2391580e+002  4.6013675e+001
 -1.2391592e+002  4.6013630e+001
 -1.2391596e+002  4.6013475e+001
 -1.2391603e+002  4.6013275e+001
 -1.2391612e+002  4.6013148e+001
 -1.2391617e+002  4.6013075e+001
 -1.2391632e+002  4.6012919e+001
 -1.2391638e+002  4.6012875e+001
 -1.2391652e+002  4.6012680e+001
 -1.2391652e+002  4.6012675e+001
 -1.2391668e+002  4.6012475e+001
 -1.2391672e+002  4.6012437e+001
 -1.2391678e+002  4.6012275e+001
 -1.2391680e+002  4.6012075e+001
 -1.2391683e+002  4.6011875e+001
 -1.2391684e+002  4.6011675e+001
 -1.2391683e+002  4.6011475e+001
 -1.2391683e+002  4.6011275e+001
 -1.2391686e+002  4.6011075e+001
 -1.2391687e+002  4.6010875e+001
 -1.2391687e+002  4.6010675e+001
 -1.2391690e+002  4.6010475e+001
 -1.2391692e+002  4.6010448e+001
 -1.2391698e+002  4.6010275e+001
 -1.2391712e+002  4.6010102e+001
 -1.2391715e+002  4.6010075e+001
 -1.2391732e+002  4.6009910e+001
 -1.2391733e+002  4.6009875e+001
 -1.2391741e+002  4.6009675e+001
 -1.2391751e+002  4.6009475e+001
 -1.2391751e+002  4.6009275e+001
 -1.2391752e+002  4.6009219e+001
 -1.2391753e+002  4.6009075e+001
 -1.2391753e+002  4.6008875e+001
 -1.2391754e+002  4.6008675e+001
 -1.2391755e+002  4.6008475e+001
 -1.2391761e+002  4.6008275e+001
 -1.2391772e+002  4.6008162e+001
 -1.2391783e+002  4.6008075e+001
 -1.2391792e+002  4.6007974e+001
 -1.2391794e+002  4.6007875e+001
 -1.2391801e+002  4.6007675e+001
 -1.2391811e+002  4.6007476e+001
 -1.2391812e+002  4.6007468e+001
 -1.2391819e+002  4.6007276e+001
 -1.2391822e+002  4.6007076e+001
 -1.2391827e+002  4.6006876e+001
 -1.2391832e+002  4.6006819e+001
 -1.2391837e+002  4.6006676e+001
 -1.2391840e+002  4.6006476e+001
 -1.2391841e+002  4.6006276e+001
 -1.2391844e+002  4.6006076e+001
 -1.2391852e+002  4.6005909e+001
 -1.2391854e+002  4.6005876e+001
 -1.2391860e+002  4.6005676e+001
 -1.2391865e+002  4.6005476e+001
 -1.2391871e+002  4.6005336e+001
 -1.2391874e+002  4.6005276e+001
 -1.2391891e+002  4.6005103e+001
 -1.2391893e+002  4.6005076e+001
 -1.2391897e+002  4.6004876e+001
 -1.2391904e+002  4.6004676e+001
 -1.2391911e+002  4.6004600e+001
 -1.2391931e+002  4.6004476e+001
 -1.2391931e+002  4.6004470e+001
 -1.2391951e+002  4.6004276e+001
 -1.2391951e+002  4.6004270e+001
 -1.2391960e+002  4.6004076e+001
 -1.2391971e+002  4.6003952e+001
 -1.2391979e+002  4.6003876e+001
 -1.2391991e+002  4.6003692e+001
 -1.2391994e+002  4.6003676e+001
 -1.2392006e+002  4.6003476e+001
 -1.2392011e+002  4.6003394e+001
 -1.2392017e+002  4.6003276e+001
 -1.2392031e+002  4.6003182e+001
 -1.2392040e+002  4.6003076e+001
 -1.2392044e+002  4.6002876e+001
 -1.2392050e+002  4.6002676e+001
 -1.2392051e+002  4.6002660e+001
 -1.2392071e+002  4.6002497e+001
 -1.2392073e+002  4.6002476e+001
 -1.2392091e+002  4.6002355e+001
 -1.2392100e+002  4.6002276e+001
 -1.2392106e+002  4.6002076e+001
 -1.2392111e+002  4.6001924e+001
 -1.2392114e+002  4.6001876e+001
 -1.2392127e+002  4.6001676e+001
 -1.2392131e+002  4.6001630e+001
 -1.2392151e+002  4.6001548e+001
 -1.2392164e+002  4.6001476e+001
 -1.2392171e+002  4.6001301e+001
 -1.2392174e+002  4.6001276e+001
 -1.2392171e+002  4.6001118e+001
 -1.2392171e+002  4.6001076e+001
 -1.2392171e+002  4.6001073e+001
 -1.2392190e+002  4.6000876e+001
 -1.2392191e+002  4.6000821e+001
 -1.2392201e+002  4.6000676e+001
 -1.2392204e+002  4.6000476e+001
 -1.2392211e+002  4.6000357e+001
 -1.2392219e+002  4.6000476e+001
 -1.2392231e+002  4.6000649e+001
 -1.2392251e+002  4.6000666e+001
 -1.2392255e+002  4.6000676e+001
 -1.2392271e+002  4.6000722e+001
 -1.2392284e+002  4.6000676e+001
 -1.2392291e+002  4.6000660e+001
 -1.2392311e+002  4.6000616e+001
 -1.2392327e+002  4.6000676e+001
 -1.2392331e+002  4.6000697e+001
 -1.2392351e+002  4.6000677e+001
 -1.2392360e+002  4.6000876e+001
 -1.2392369e+002  4.6001076e+001
 -1.2392371e+002  4.6001170e+001
 -1.2392372e+002  4.6001276e+001
 -1.2392376e+002  4.6001476e+001
 -1.2392383e+002  4.6001676e+001
 -1.2392391e+002  4.6001783e+001
 -1.2392397e+002  4.6001876e+001
 -1.2392409e+002  4.6002076e+001
 -1.2392411e+002  4.6002121e+001
 -1.2392429e+002  4.6002276e+001
 -1.2392431e+002  4.6002288e+001
 -1.2392440e+002  4.6002276e+001
 -1.2392451e+002  4.6002231e+001
 -1.2392457e+002  4.6002076e+001
 -1.2392469e+002  4.6001876e+001
 -1.2392471e+002  4.6001791e+001
 -1.2392473e+002  4.6001676e+001
 -1.2392485e+002  4.6001476e+001
 -1.2392490e+002  4.6001276e+001
 -1.2392491e+002  4.6001155e+001
 -1.2392493e+002  4.6001076e+001
 -1.2392504e+002  4.6000876e+001
 -1.2392508e+002  4.6000676e+001
 -1.2392509e+002  4.6000476e+001
 -1.2392509e+002  4.6000276e+001
 -1.2392507e+002  4.6000076e+001
 -1.2392505e+002  4.5999876e+001
 -1.2392498e+002  4.5999676e+001
 -1.2392491e+002  4.5999614e+001
 -1.2392471e+002  4.5999499e+001
 -1.2392470e+002  4.5999476e+001
 -1.2392467e+002  4.5999276e+001
 -1.2392464e+002  4.5999076e+001
 -1.2392467e+002  4.5998877e+001
 -1.2392467e+002  4.5998677e+001
 -1.2392471e+002  4.5998534e+001
 -1.2392481e+002  4.5998677e+001
 -1.2392491e+002  4.5998805e+001
 -1.2392507e+002  4.5998677e+001
 -1.2392507e+002  4.5998477e+001
 -1.2392511e+002  4.5998440e+001
 -1.2392531e+002  4.5998374e+001
 -1.2392551e+002  4.5998376e+001
 -1.2392571e+002  4.5998293e+001
 -1.2392573e+002  4.5998277e+001
 -1.2392591e+002  4.5998193e+001
 -1.2392611e+002  4.5998232e+001
 -1.2392616e+002  4.5998277e+001
 -1.2392631e+002  4.5998460e+001
 -1.2392633e+002  4.5998477e+001
 -1.2392651e+002  4.5998605e+001
 -1.2392658e+002  4.5998677e+001
 -1.2392671e+002  4.5998853e+001
 -1.2392672e+002  4.5998877e+001
 -1.2392691e+002  4.5999036e+001
 -1.2392710e+002  4.5998968e+001
 -1.2392715e+002  4.5998877e+001
 -1.2392730e+002  4.5998694e+001
 -1.2392731e+002  4.5998677e+001
 -1.2392736e+002  4.5998477e+001
 -1.2392742e+002  4.5998277e+001
 -1.2392750e+002  4.5998123e+001
 -1.2392752e+002  4.5998077e+001
 -1.2392756e+002  4.5997877e+001
 -1.2392762e+002  4.5997677e+001
 -1.2392770e+002  4.5997578e+001
 -1.2392790e+002  4.5997499e+001
 -1.2392795e+002  4.5997477e+001
 -1.2392810e+002  4.5997419e+001
 -1.2392825e+002  4.5997277e+001
 -1.2392830e+002  4.5997205e+001
 -1.2392846e+002  4.5997077e+001
 -1.2392847e+002  4.5996877e+001
 -1.2392831e+002  4.5996677e+001
 -1.2392830e+002  4.5996675e+001
 -1.2392815e+002  4.5996477e+001
 -1.2392810e+002  4.5996374e+001
 -1.2392802e+002  4.5996277e+001
 -1.2392795e+002  4.5996077e+001
 -1.2392793e+002  4.5995877e+001
 -1.2392797e+002  4.5995677e+001
 -1.2392810e+002  4.5995569e+001
 -1.2392825e+002  4.5995477e+001
 -1.2392830e+002  4.5995466e+001
 -1.2392850e+002  4.5995455e+001
 -1.2392870e+002  4.5995394e+001
 -1.2392886e+002  4.5995277e+001
 -1.2392890e+002  4.5995214e+001
 -1.2392896e+002  4.5995077e+001
 -1.2392901e+002  4.5994877e+001
 -1.2392896e+002  4.5994677e+001
 -1.2392890e+002  4.5994490e+001
 -1.2392889e+002  4.5994477e+001
 -1.2392883e+002  4.5994277e+001
 -1.2392880e+002  4.5994077e+001
 -1.2392890e+002  4.5993981e+001
 -1.2392910e+002  4.5993893e+001
 -1.2392914e+002  4.5993877e+001
 -1.2392930e+002  4.5993761e+001
 -1.2392934e+002  4.5993677e+001
 -1.2392937e+002  4.5993477e+001
 -1.2392940e+002  4.5993277e+001
 -1.2392946e+002  4.5993077e+001
 -1.2392943e+002  4.5992877e+001
 -1.2392942e+002  4.5992677e+001
 -1.2392934e+002  4.5992477e+001
 -1.2392930e+002  4.5992422e+001
 -1.2392910e+002  4.5992394e+001
 -1.2392890e+002  4.5992370e+001
 -1.2392872e+002  4.5992477e+001
 -1.2392870e+002  4.5992489e+001
 -1.2392862e+002  4.5992677e+001
 -1.2392850e+002  4.5992845e+001
 -1.2392848e+002  4.5992877e+001
 -1.2392830e+002  4.5993011e+001
 -1.2392824e+002  4.5993077e+001
 -1.2392822e+002  4.5993277e+001
 -1.2392823e+002  4.5993477e+001
 -1.2392826e+002  4.5993677e+001
 -1.2392829e+002  4.5993877e+001
 -1.2392824e+002  4.5994077e+001
 -1.2392813e+002  4.5994277e+001
 -1.2392810e+002  4.5994310e+001
 -1.2392798e+002  4.5994477e+001
 -1.2392790e+002  4.5994558e+001
 -1.2392784e+002  4.5994677e+001
 -1.2392779e+002  4.5994877e+001
 -1.2392770e+002  4.5994998e+001
 -1.2392768e+002  4.5995077e+001
 -1.2392763e+002  4.5995277e+001
 -1.2392761e+002  4.5995477e+001
 -1.2392757e+002  4.5995677e+001
 -1.2392750e+002  4.5995746e+001
 -1.2392746e+002  4.5995877e+001
 -1.2392730e+002  4.5996020e+001
 -1.2392710e+002  4.5996039e+001
 -1.2392691e+002  4.5995997e+001
 -1.2392671e+002  4.5995985e+001
 -1.2392664e+002  4.5995877e+001
 -1.2392659e+002  4.5995677e+001
 -1.2392657e+002  4.5995477e+001
 -1.2392654e+002  4.5995277e+001
 -1.2392651e+002  4.5995093e+001
 -1.2392650e+002  4.5995077e+001
 -1.2392650e+002  4.5994877e+001
 -1.2392651e+002  4.5994834e+001
 -1.2392653e+002  4.5994677e+001
 -1.2392666e+002  4.5994477e+001
 -1.2392671e+002  4.5994317e+001
 -1.2392672e+002  4.5994277e+001
 -1.2392681e+002  4.5994077e+001
 -1.2392691e+002  4.5993984e+001
 -1.2392710e+002  4.5993931e+001
 -1.2392730e+002  4.5993892e+001
 -1.2392732e+002  4.5993877e+001
 -1.2392746e+002  4.5993677e+001
 -1.2392750e+002  4.5993560e+001
 -1.2392753e+002  4.5993477e+001
 -1.2392754e+002  4.5993277e+001
 -1.2392750e+002  4.5993226e+001
 -1.2392741e+002  4.5993077e+001
 -1.2392730e+002  4.5993026e+001
 -1.2392710e+002  4.5992946e+001
 -1.2392701e+002  4.5992877e+001
 -1.2392691e+002  4.5992786e+001
 -1.2392683e+002  4.5992677e+001
 -1.2392675e+002  4.5992477e+001
 -1.2392671e+002  4.5992289e+001
 -1.2392670e+002  4.5992277e+001
 -1.2392671e+002  4.5992231e+001
 -1.2392672e+002  4.5992077e+001
 -1.2392681e+002  4.5991877e+001
 -1.2392691e+002  4.5991786e+001
 -1.2392710e+002  4.5991696e+001
 -1.2392715e+002  4.5991677e+001
 -1.2392730e+002  4.5991617e+001
 -1.2392750e+002  4.5991511e+001
 -1.2392755e+002  4.5991477e+001
 -1.2392770e+002  4.5991313e+001
 -1.2392776e+002  4.5991277e+001
 -1.2392790e+002  4.5991152e+001
 -1.2392799e+002  4.5991077e+001
 -1.2392810e+002  4.5991012e+001
 -1.2392826e+002  4.5990877e+001
 -1.2392830e+002  4.5990798e+001
 -1.2392842e+002  4.5990677e+001
 -1.2392848e+002  4.5990478e+001
 -1.2392850e+002  4.5990369e+001
 -1.2392852e+002  4.5990278e+001
 -1.2392851e+002  4.5990078e+001
 -1.2392850e+002  4.5989932e+001
 -1.2392850e+002  4.5989878e+001
 -1.2392850e+002  4.5989861e+001
 -1.2392854e+002  4.5989678e+001
 -1.2392870e+002  4.5989489e+001
 -1.2392871e+002  4.5989478e+001
 -1.2392877e+002  4.5989278e+001
 -1.2392885e+002  4.5989078e+001
 -1.2392890e+002  4.5988994e+001
 -1.2392895e+002  4.5988878e+001
 -1.2392900e+002  4.5988678e+001
 -1.2392909e+002  4.5988478e+001
 -1.2392910e+002  4.5988452e+001
 -1.2392921e+002  4.5988278e+001
 -1.2392930e+002  4.5988121e+001
 -1.2392932e+002  4.5988078e+001
 -1.2392932e+002  4.5987878e+001
 -1.2392930e+002  4.5987805e+001
 -1.2392925e+002  4.5987678e+001
 -1.2392910e+002  4.5987565e+001
 -1.2392890e+002  4.5987649e+001
 -1.2392870e+002  4.5987644e+001
 -1.2392850e+002  4.5987591e+001
 -1.2392830e+002  4.5987506e+001
 -1.2392826e+002  4.5987478e+001
 -1.2392810e+002  4.5987315e+001
 -1.2392808e+002  4.5987278e+001
 -1.2392807e+002  4.5987078e+001
 -1.2392810e+002  4.5987010e+001
 -1.2392817e+002  4.5986878e+001
 -1.2392826e+002  4.5986678e+001
 -1.2392830e+002  4.5986577e+001
 -1.2392836e+002  4.5986478e+001
 -1.2392839e+002  4.5986278e+001
 -1.2392846e+002  4.5986078e+001
 -1.2392850e+002  4.5986037e+001
 -1.2392868e+002  4.5985878e+001
 -1.2392870e+002  4.5985838e+001
 -1.2392879e+002  4.5985678e+001
 -1.2392889e+002  4.5985478e+001
 -1.2392890e+002  4.5985441e+001
 -1.2392894e+002  4.5985278e+001
 -1.2392892e+002  4.5985078e+001
 -1.2392896e+002  4.5984878e+001
 -1.2392895e+002  4.5984678e+001
 -1.2392901e+002  4.5984478e+001
 -1.2392903e+002  4.5984278e+001
 -1.2392903e+002  4.5984078e+001
 -1.2392903e+002  4.5983878e+001
 -1.2392905e+002  4.5983678e+001
 -1.2392908e+002  4.5983478e+001
 -1.2392910e+002  4.5983307e+001
 -1.2392911e+002  4.5983278e+001
 -1.2392925e+002  4.5983078e+001
 -1.2392930e+002  4.5982993e+001
 -1.2392938e+002  4.5982878e+001
 -1.2392950e+002  4.5982746e+001
 -1.2392954e+002  4.5982678e+001
 -1.2392970e+002  4.5982549e+001
 -1.2392983e+002  4.5982478e+001
 -1.2392990e+002  4.5982426e+001
 -1.2393010e+002  4.5982361e+001
 -1.2393029e+002  4.5982278e+001
 -1.2393030e+002  4.5982261e+001
 -1.2393039e+002  4.5982079e+001
 -1.2393042e+002  4.5981879e+001
 -1.2393047e+002  4.5981679e+001
 -1.2393050e+002  4.5981605e+001
 -1.2393064e+002  4.5981479e+001
 -1.2393070e+002  4.5981433e+001
 -1.2393090e+002  4.5981340e+001
 -1.2393098e+002  4.5981279e+001
 -1.2393110e+002  4.5981208e+001
 -1.2393130e+002  4.5981131e+001
 -1.2393143e+002  4.5981079e+001
 -1.2393150e+002  4.5981051e+001
 -1.2393170e+002  4.5980901e+001
 -1.2393171e+002  4.5980879e+001
 -1.2393173e+002  4.5980679e+001
 -1.2393175e+002  4.5980479e+001
 -1.2393176e+002  4.5980279e+001
 -1.2393186e+002  4.5980079e+001
 -1.2393190e+002  4.5979994e+001
 -1.2393195e+002  4.5979879e+001
 -1.2393199e+002  4.5979679e+001
 -1.2393196e+002  4.5979479e+001
 -1.2393190e+002  4.5979279e+001
 -1.2393190e+002  4.5979272e+001
 -1.2393181e+002  4.5979079e+001
 -1.2393170e+002  4.5978890e+001
 -1.2393169e+002  4.5978879e+001
 -1.2393152e+002  4.5978679e+001
 -1.2393150e+002  4.5978649e+001
 -1.2393130e+002  4.5978502e+001
 -1.2393128e+002  4.5978479e+001
 -1.2393111e+002  4.5978279e+001
 -1.2393110e+002  4.5978250e+001
 -1.2393108e+002  4.5978079e+001
 -1.2393104e+002  4.5977879e+001
 -1.2393095e+002  4.5977679e+001
 -1.2393090e+002  4.5977645e+001
 -1.2393070e+002  4.5977601e+001
 -1.2393050e+002  4.5977566e+001
 -1.2393030e+002  4.5977522e+001
 -1.2393017e+002  4.5977479e+001
 -1.2393010e+002  4.5977443e+001
 -1.2392990e+002  4.5977337e+001
 -1.2392983e+002  4.5977279e+001
 -1.2392972e+002  4.5977079e+001
 -1.2392970e+002  4.5977052e+001
 -1.2392952e+002  4.5976879e+001
 -1.2392950e+002  4.5976872e+001
 -1.2392930e+002  4.5976679e+001
 -1.2392941e+002  4.5976479e+001
 -1.2392939e+002  4.5976279e+001
 -1.2392935e+002  4.5976079e+001
 -1.2392930e+002  4.5975917e+001
 -1.2392928e+002  4.5975879e+001
 -1.2392930e+002  4.5975721e+001
 -1.2392931e+002  4.5975679e+001
 -1.2392941e+002  4.5975479e+001
 -1.2392950e+002  4.5975337e+001
 -1.2392952e+002  4.5975279e+001
 -1.2392959e+002  4.5975079e+001
 -1.2392963e+002  4.5974879e+001
 -1.2392965e+002  4.5974679e+001
 -1.2392970e+002  4.5974530e+001
 -1.2392975e+002  4.5974479e+001
 -1.2392988e+002  4.5974279e+001
 -1.2392990e+002  4.5974146e+001
 -1.2392995e+002  4.5974079e+001
 -1.2393010e+002  4.5973960e+001
 -1.2393017e+002  4.5973879e+001
 -1.2393024e+002  4.5973679e+001
 -1.2393028e+002  4.5973480e+001
 -1.2393030e+002  4.5973455e+001
 -1.2393043e+002  4.5973280e+001
 -1.2393050e+002  4.5973197e+001
 -1.2393059e+002  4.5973080e+001
 -1.2393070e+002  4.5972955e+001
 -1.2393078e+002  4.5972880e+001
 -1.2393089e+002  4.5972680e+001
 -1.2393090e+002  4.5972669e+001
 -1.2393110e+002  4.5972508e+001
 -1.2393113e+002  4.5972480e+001
 -1.2393130e+002  4.5972287e+001
 -1.2393131e+002  4.5972280e+001
 -1.2393150e+002  4.5972195e+001
 -1.2393170e+002  4.5972130e+001
 -1.2393182e+002  4.5972080e+001
 -1.2393190e+002  4.5972043e+001
 -1.2393200e+002  4.5971998e+001
 -1.2393469e+002  4.5971998e+001
 -1.2393470e+002  4.5972057e+001
 -1.2393470e+002  4.5972080e+001
 -1.2393474e+002  4.5972280e+001
 -1.2393490e+002  4.5972463e+001
 -1.2393492e+002  4.5972480e+001
 -1.2393510e+002  4.5972600e+001
 -1.2393521e+002  4.5972680e+001
 -1.2393529e+002  4.5972719e+001
 -1.2393546e+002  4.5972880e+001
 -1.2393549e+002  4.5972905e+001
 -1.2393569e+002  4.5972965e+001
 -1.2393589e+002  4.5973019e+001
 -1.2393599e+002  4.5973080e+001
 -1.2393609e+002  4.5973154e+001
 -1.2393629e+002  4.5973278e+001
 -1.2393630e+002  4.5973280e+001
 -1.2393648e+002  4.5973480e+001
 -1.2393649e+002  4.5973487e+001
 -1.2393669e+002  4.5973617e+001
 -1.2393675e+002  4.5973679e+001
 -1.2393689e+002  4.5973759e+001
 -1.2393709e+002  4.5973806e+001
 -1.2393729e+002  4.5973844e+001
 -1.2393744e+002  4.5973879e+001
 -1.2393749e+002  4.5973889e+001
 -1.2393753e+002  4.5973879e+001
 -1.2393769e+002  4.5973759e+001
 -1.2393776e+002  4.5973679e+001
 -1.2393774e+002  4.5973480e+001
 -1.2393778e+002  4.5973280e+001
 -1.2393789e+002  4.5973257e+001
 -1.2393809e+002  4.5973240e+001
 -1.2393829e+002  4.5973250e+001
 -1.2393835e+002  4.5973280e+001
 -1.2393840e+002  4.5973480e+001
 -1.2393843e+002  4.5973679e+001
 -1.2393849e+002  4.5973830e+001
 -1.2393851e+002  4.5973879e+001
 -1.2393867e+002  4.5974079e+001
 -1.2393869e+002  4.5974141e+001
 -1.2393872e+002  4.5974279e+001
 -1.2393880e+002  4.5974479e+001
 -1.2393889e+002  4.5974574e+001
 -1.2393909e+002  4.5974648e+001
 -1.2393929e+002  4.5974668e+001
 -1.2393949e+002  4.5974635e+001
 -1.2393969e+002  4.5974623e+001
 -1.2393989e+002  4.5974621e+001
 -1.2394009e+002  4.5974621e+001
 -1.2394023e+002  4.5974679e+001
 -1.2394029e+002  4.5974726e+001
 -1.2394049e+002  4.5974871e+001
 -1.2394060e+002  4.5974879e+001
 -1.2394069e+002  4.5974882e+001
 -1.2394079e+002  4.5974879e+001
 -1.2394089e+002  4.5974872e+001
 -1.2394109e+002  4.5974795e+001
 -1.2394129e+002  4.5974717e+001
 -1.2394135e+002  4.5974679e+001
 -1.2394149e+002  4.5974611e+001
 -1.2394169e+002  4.5974479e+001
 -1.2394169e+002  4.5974474e+001
 -1.2394176e+002  4.5974279e+001
 -1.2394169e+002  4.5974201e+001
 -1.2394163e+002  4.5974079e+001
 -1.2394150e+002  4.5973879e+001
 -1.2394169e+002  4.5973801e+001
 -1.2394189e+002  4.5973804e+001
 -1.2394209e+002  4.5973817e+001
 -1.2394229e+002  4.5973812e+001
 -1.2394249e+002  4.5973807e+001
 -1.2394269e+002  4.5973832e+001
 -1.2394278e+002  4.5973879e+001
 -1.2394282e+002  4.5974079e+001
 -1.2394285e+002  4.5974279e+001
 -1.2394289e+002  4.5974302e+001
 -1.2394308e+002  4.5974479e+001
 -1.2394309e+002  4.5974483e+001
 -1.2394329e+002  4.5974581e+001
 -1.2394349e+002  4.5974633e+001
 -1.2394359e+002  4.5974679e+001
 -1.2394368e+002  4.5974707e+001
 -1.2394388e+002  4.5974790e+001
 -1.2394408e+002  4.5974824e+001
 -1.2394428e+002  4.5974835e+001
 -1.2394441e+002  4.5974879e+001
 -1.2394448e+002  4.5974892e+001
 -1.2394468e+002  4.5974940e+001
 -1.2394488e+002  4.5974953e+001
 -1.2394508e+002  4.5975034e+001
 -1.2394514e+002  4.5975079e+001
 -1.2394528e+002  4.5975110e+001
 -1.2394548e+002  4.5975114e+001
 -1.2394550e+002  4.5975113e+001
