 -1.2392924e+002  4.6019991e+001
 -1.2392924e+002  4.6019857e+001
 -1.2392924e+002  4.6019649e+001
 -1.2392924e+002  4.6019441e+001
 -1.2392924e+002  4.6019232e+001
 -1.2392923e+002  4.6019024e+001
 -1.2392923e+002  4.6018816e+001
 -1.2392919e+002  4.6018608e+001
 -1.2392912e+002  4.6018518e+001
 -1.2392903e+002  4.6018399e+001
 -1.2392900e+002  4.6018191e+001
 -1.2392900e+002  4.6017983e+001
 -1.2392898e+002  4.6017774e+001
 -1.2392898e+002  4.6017566e+001
 -1.2392897e+002  4.6017358e+001
 -1.2392898e+002  4.6017149e+001
 -1.2392897e+002  4.6016941e+001
 -1.2392897e+002  4.6016733e+001
 -1.2392896e+002  4.6016524e+001
 -1.2392897e+002  4.6016316e+001
 -1.2392896e+002  4.6016108e+001
 -1.2392892e+002  4.6015967e+001
 -1.2392886e+002  4.6015900e+001
 -1.2392880e+002  4.6015691e+001
 -1.2392879e+002  4.6015483e+001
 -1.2392877e+002  4.6015275e+001
 -1.2392875e+002  4.6015066e+001
 -1.2392872e+002  4.6014858e+001
 -1.2392871e+002  4.6014714e+001
 -1.2392869e+002  4.6014650e+001
 -1.2392853e+002  4.6014441e+001
 -1.2392850e+002  4.6014383e+001
 -1.2392843e+002  4.6014233e+001
 -1.2392836e+002  4.6014025e+001
 -1.2392829e+002  4.6013816e+001
 -1.2392829e+002  4.6013816e+001
 -1.2392819e+002  4.6013608e+001
 -1.2392814e+002  4.6013400e+001
 -1.2392809e+002  4.6013235e+001
 -1.2392805e+002  4.6013191e+001
 -1.2392792e+002  4.6012983e+001
 -1.2392788e+002  4.6012955e+001
 -1.2392767e+002  4.6012825e+001
 -1.2392762e+002  4.6012775e+001
 -1.2392746e+002  4.6012659e+001
 -1.2392733e+002  4.6012567e+001
 -1.2392726e+002  4.6012483e+001
 -1.2392705e+002  4.6012407e+001
 -1.2392689e+002  4.6012358e+001
 -1.2392684e+002  4.6012345e+001
 -1.2392663e+002  4.6012157e+001
 -1.2392654e+002  4.6012150e+001
 -1.2392643e+002  4.6012137e+001
 -1.2392624e+002  4.6011942e+001
 -1.2392622e+002  4.6011880e+001
 -1.2392616e+002  4.6011733e+001
 -1.2392608e+002  4.6011525e+001
 -1.2392601e+002  4.6011425e+001
 -1.2392597e+002  4.6011317e+001
 -1.2392592e+002  4.6011108e+001
 -1.2392581e+002  4.6010989e+001
 -1.2392560e+002  4.6010986e+001
 -1.2392539e+002  4.6010980e+001
 -1.2392518e+002  4.6011013e+001
 -1.2392498e+002  4.6011008e+001
 -1.2392477e+002  4.6010981e+001
 -1.2392456e+002  4.6010946e+001
 -1.2392435e+002  4.6010909e+001
 -1.2392434e+002  4.6010900e+001
 -1.2392415e+002  4.6010692e+001
 -1.2392415e+002  4.6010689e+001
 -1.2392403e+002  4.6010483e+001
 -1.2392394e+002  4.6010406e+001
 -1.2392373e+002  4.6010338e+001
 -1.2392363e+002  4.6010275e+001
 -1.2392352e+002  4.6010198e+001
 -1.2392345e+002  4.6010067e+001
 -1.2392345e+002  4.6009859e+001
 -1.2392346e+002  4.6009650e+001
 -1.2392344e+002  4.6009442e+001
 -1.2392349e+002  4.6009234e+001
 -1.2392352e+002  4.6009050e+001
 -1.2392353e+002  4.6009025e+001
 -1.2392371e+002  4.6008817e+001
 -1.2392373e+002  4.6008807e+001
 -1.2392394e+002  4.6008740e+001
 -1.2392415e+002  4.6008637e+001
 -1.2392417e+002  4.6008609e+001
 -1.2392435e+002  4.6008523e+001
 -1.2392456e+002  4.6008498e+001
 -1.2392477e+002  4.6008424e+001
 -1.2392478e+002  4.6008400e+001
 -1.2392480e+002  4.6008192e+001
 -1.2392479e+002  4.6007984e+001
 -1.2392477e+002  4.6007955e+001
 -1.2392466e+002  4.6007775e+001
 -1.2392477e+002  4.6007720e+001
 -1.2392498e+002  4.6007670e+001
 -1.2392515e+002  4.6007567e+001
 -1.2392518e+002  4.6007523e+001
 -1.2392539e+002  4.6007392e+001
 -1.2392544e+002  4.6007359e+001
 -1.2392560e+002  4.6007278e+001
 -1.2392568e+002  4.6007151e+001
 -1.2392581e+002  4.6007022e+001
 -1.2392589e+002  4.6006942e+001
 -1.2392601e+002  4.6006778e+001
 -1.2392606e+002  4.6006734e+001
 -1.2392613e+002  4.6006526e+001
 -1.2392622e+002  4.6006371e+001
 -1.2392625e+002  4.6006317e+001
 -1.2392641e+002  4.6006109e+001
 -1.2392643e+002  4.6006093e+001
 -1.2392650e+002  4.6005901e+001
 -1.2392651e+002  4.6005692e+001
 -1.2392652e+002  4.6005484e+001
 -1.2392655e+002  4.6005276e+001
 -1.2392657e+002  4.6005067e+001
 -1.2392657e+002  4.6004859e+001
 -1.2392662e+002  4.6004651e+001
 -1.2392663e+002  4.6004633e+001
 -1.2392670e+002  4.6004443e+001
 -1.2392678e+002  4.6004234e+001
 -1.2392684e+002  4.6004067e+001
 -1.2392686e+002  4.6004026e+001
 -1.2392700e+002  4.6003818e+001
 -1.2392705e+002  4.6003772e+001
 -1.2392726e+002  4.6003623e+001
 -1.2392727e+002  4.6003609e+001
 -1.2392746e+002  4.6003401e+001
 -1.2392746e+002  4.6003393e+001
 -1.2392752e+002  4.6003193e+001
 -1.2392760e+002  4.6002984e+001
 -1.2392767e+002  4.6002901e+001
 -1.2392784e+002  4.6002776e+001
 -1.2392788e+002  4.6002741e+001
 -1.2392809e+002  4.6002595e+001
 -1.2392811e+002  4.6002568e+001
 -1.2392818e+002  4.6002359e+001
 -1.2392827e+002  4.6002151e+001
 -1.2392829e+002  4.6002129e+001
 -1.2392850e+002  4.6001992e+001
 -1.2392856e+002  4.6001943e+001
 -1.2392863e+002  4.6001735e+001
 -1.2392862e+002  4.6001526e+001
 -1.2392861e+002  4.6001318e+001
 -1.2392857e+002  4.6001110e+001
 -1.2392863e+002  4.6000901e+001
 -1.2392869e+002  4.6000693e+001
 -1.2392871e+002  4.6000668e+001
 -1.2392882e+002  4.6000485e+001
 -1.2392892e+002  4.6000434e+001
 -1.2392912e+002  4.6000313e+001
 -1.2392924e+002  4.6000276e+001
 -1.2392933e+002  4.6000222e+001
 -1.2392949e+002  4.6000068e+001
 -1.2392941e+002  4.5999860e+001
 -1.2392933e+002  4.5999796e+001
 -1.2392914e+002  4.5999651e+001
 -1.2392912e+002  4.5999642e+001
 -1.2392895e+002  4.5999443e+001
 -1.2392892e+002  4.5999362e+001
 -1.2392885e+002  4.5999235e+001
 -1.2392881e+002  4.5999027e+001
 -1.2392883e+002  4.5998818e+001
 -1.2392887e+002  4.5998610e+001
 -1.2392892e+002  4.5998527e+001
 -1.2392895e+002  4.5998402e+001
 -1.2392898e+002  4.5998193e+001
 -1.2392901e+002  4.5997985e+001
 -1.2392907e+002  4.5997777e+001
 -1.2392912e+002  4.5997686e+001
 -1.2392919e+002  4.5997568e+001
 -1.2392926e+002  4.5997360e+001
 -1.2392933e+002  4.5997158e+001
 -1.2392933e+002  4.5997152e+001
 -1.2392939e+002  4.5996943e+001
 -1.2392945e+002  4.5996735e+001
 -1.2392946e+002  4.5996527e+001
 -1.2392954e+002  4.5996358e+001
 -1.2392955e+002  4.5996318e+001
 -1.2392960e+002  4.5996110e+001
 -1.2392965e+002  4.5995902e+001
 -1.2392966e+002  4.5995694e+001
 -1.2392973e+002  4.5995485e+001
 -1.2392975e+002  4.5995462e+001
 -1.2392980e+002  4.5995277e+001
 -1.2392985e+002  4.5995069e+001
 -1.2392985e+002  4.5994860e+001
 -1.2392988e+002  4.5994652e+001
 -1.2392995e+002  4.5994508e+001
 -1.2392999e+002  4.5994444e+001
 -1.2393014e+002  4.5994235e+001
 -1.2393016e+002  4.5994156e+001
 -1.2393019e+002  4.5994027e+001
 -1.2393024e+002  4.5993819e+001
 -1.2393035e+002  4.5993610e+001
 -1.2393037e+002  4.5993583e+001
 -1.2393042e+002  4.5993402e+001
 -1.2393044e+002  4.5993194e+001
 -1.2393047e+002  4.5992986e+001
 -1.2393057e+002  4.5992777e+001
 -1.2393057e+002  4.5992777e+001
 -1.2393066e+002  4.5992569e+001
 -1.2393072e+002  4.5992361e+001
 -1.2393078e+002  4.5992173e+001
 -1.2393079e+002  4.5992152e+001
 -1.2393098e+002  4.5991944e+001
 -1.2393099e+002  4.5991939e+001
 -1.2393112e+002  4.5991736e+001
 -1.2393117e+002  4.5991527e+001
 -1.2393120e+002  4.5991435e+001
 -1.2393122e+002  4.5991319e+001
 -1.2393127e+002  4.5991111e+001
 -1.2393135e+002  4.5990902e+001
 -1.2393138e+002  4.5990694e+001
 -1.2393140e+002  4.5990613e+001
 -1.2393143e+002  4.5990486e+001
 -1.2393150e+002  4.5990278e+001
 -1.2393158e+002  4.5990069e+001
 -1.2393161e+002  4.5989990e+001
 -1.2393168e+002  4.5989861e+001
 -1.2393182e+002  4.5989663e+001
 -1.2393182e+002  4.5989653e+001
 -1.2393203e+002  4.5989449e+001
 -1.2393203e+002  4.5989444e+001
 -1.2393210e+002  4.5989236e+001
 -1.2393214e+002  4.5989028e+001
 -1.2393219e+002  4.5988819e+001
 -1.2393223e+002  4.5988677e+001
 -1.2393225e+002  4.5988611e+001
 -1.2393230e+002  4.5988403e+001
 -1.2393232e+002  4.5988194e+001
 -1.2393236e+002  4.5987986e+001
 -1.2393244e+002  4.5987801e+001
 -1.2393246e+002  4.5987778e+001
 -1.2393261e+002  4.5987570e+001
 -1.2393265e+002  4.5987506e+001
 -1.2393270e+002  4.5987361e+001
 -1.2393280e+002  4.5987153e+001
 -1.2393286e+002  4.5987085e+001
 -1.2393292e+002  4.5986945e+001
 -1.2393301e+002  4.5986736e+001
 -1.2393306e+002  4.5986544e+001
 -1.2393307e+002  4.5986528e+001
 -1.2393312e+002  4.5986320e+001
 -1.2393319e+002  4.5986111e+001
 -1.2393327e+002  4.5985911e+001
 -1.2393328e+002  4.5985903e+001
 -1.2393335e+002  4.5985695e+001
 -1.2393345e+002  4.5985486e+001
 -1.2393348e+002  4.5985450e+001
 -1.2393357e+002  4.5985278e+001
 -1.2393367e+002  4.5985070e+001
 -1.2393369e+002  4.5984963e+001
 -1.2393369e+002  4.5984862e+001
 -1.2393374e+002  4.5984653e+001
 -1.2393381e+002  4.5984445e+001
 -1.2393385e+002  4.5984237e+001
 -1.2393386e+002  4.5984028e+001
 -1.2393388e+002  4.5983820e+001
 -1.2393389e+002  4.5983682e+001
 -1.2393390e+002  4.5983612e+001
 -1.2393391e+002  4.5983403e+001
 -1.2393391e+002  4.5983195e+001
 -1.2393392e+002  4.5982987e+001
 -1.2393393e+002  4.5982778e+001
 -1.2393394e+002  4.5982570e+001
 -1.2393394e+002  4.5982362e+001
 -1.2393397e+002  4.5982153e+001
 -1.2393401e+002  4.5981945e+001
 -1.2393410e+002  4.5981758e+001
 -1.2393411e+002  4.5981737e+001
 -1.2393422e+002  4.5981529e+001
 -1.2393431e+002  4.5981401e+001
 -1.2393435e+002  4.5981320e+001
 -1.2393449e+002  4.5981112e+001
 -1.2393452e+002  4.5981074e+001
 -1.2393457e+002  4.5980904e+001
 -1.2393459e+002  4.5980695e+001
 -1.2393464e+002  4.5980487e+001
 -1.2393472e+002  4.5980326e+001
 -1.2393474e+002  4.5980279e+001
 -1.2393482e+002  4.5980070e+001
 -1.2393484e+002  4.5979862e+001
 -1.2393489e+002  4.5979654e+001
 -1.2393493e+002  4.5979559e+001
 -1.2393500e+002  4.5979445e+001
 -1.2393514e+002  4.5979294e+001
 -1.2393518e+002  4.5979237e+001
 -1.2393525e+002  4.5979029e+001
 -1.2393534e+002  4.5978836e+001
 -1.2393535e+002  4.5978821e+001
 -1.2393544e+002  4.5978612e+001
 -1.2393555e+002  4.5978413e+001
 -1.2393556e+002  4.5978404e+001
 -1.2393560e+002  4.5978196e+001
 -1.2393567e+002  4.5977987e+001
 -1.2393576e+002  4.5977851e+001
 -1.2393585e+002  4.5977779e+001
 -1.2393597e+002  4.5977691e+001
 -1.2393614e+002  4.5977571e+001
 -1.2393617e+002  4.5977500e+001
 -1.2393621e+002  4.5977362e+001
 -1.2393628e+002  4.5977154e+001
 -1.2393638e+002  4.5977029e+001
 -1.2393644e+002  4.5976946e+001
 -1.2393652e+002  4.5976737e+001
 -1.2393659e+002  4.5976609e+001
 -1.2393662e+002  4.5976529e+001
 -1.2393671e+002  4.5976321e+001
 -1.2393680e+002  4.5976193e+001
 -1.2393685e+002  4.5976113e+001
 -1.2393685e+002  4.5975904e+001
 -1.2393680e+002  4.5975807e+001
 -1.2393673e+002  4.5975696e+001
 -1.2393659e+002  4.5975559e+001
 -1.2393654e+002  4.5975488e+001
 -1.2393638e+002  4.5975362e+001
 -1.2393623e+002  4.5975279e+001
 -1.2393617e+002  4.5975163e+001
 -1.2393607e+002  4.5975071e+001
 -1.2393598e+002  4.5974863e+001
 -1.2393617e+002  4.5974654e+001
 -1.2393617e+002  4.5974645e+001
 -1.2393638e+002  4.5974494e+001
 -1.2393659e+002  4.5974546e+001
 -1.2393680e+002  4.5974564e+001
 -1.2393700e+002  4.5974583e+001
 -1.2393721e+002  4.5974636e+001
 -1.2393731e+002  4.5974654e+001
 -1.2393742e+002  4.5974688e+001
 -1.2393763e+002  4.5974728e+001
 -1.2393783e+002  4.5974736e+001
 -1.2393804e+002  4.5974751e+001
 -1.2393820e+002  4.5974863e+001
 -1.2393825e+002  4.5974918e+001
 -1.2393842e+002  4.5975071e+001
 -1.2393846e+002  4.5975088e+001
 -1.2393866e+002  4.5975174e+001
 -1.2393886e+002  4.5975279e+001
 -1.2393887e+002  4.5975282e+001
 -1.2393908e+002  4.5975308e+001
 -1.2393929e+002  4.5975305e+001
 -1.2393949e+002  4.5975311e+001
 -1.2393970e+002  4.5975296e+001
 -1.2393986e+002  4.5975279e+001
 -1.2393991e+002  4.5975268e+001
 -1.2394011e+002  4.5975225e+001
 -1.2394032e+002  4.5975239e+001
 -1.2394053e+002  4.5975214e+001
 -1.2394074e+002  4.5975178e+001
 -1.2394094e+002  4.5975160e+001
 -1.2394115e+002  4.5975160e+001
 -1.2394136e+002  4.5975142e+001
 -1.2394157e+002  4.5975129e+001
 -1.2394177e+002  4.5975096e+001
 -1.2394198e+002  4.5975080e+001
 -1.2394202e+002  4.5975071e+001
 -1.2394219e+002  4.5974969e+001
 -1.2394240e+002  4.5974904e+001
 -1.2394260e+002  4.5974884e+001
 -1.2394281e+002  4.5974903e+001
 -1.2394302e+002  4.5974938e+001
 -1.2394323e+002  4.5975009e+001
 -1.2394343e+002  4.5975017e+001
 -1.2394356e+002  4.5975071e+001
 -1.2394364e+002  4.5975083e+001
 -1.2394385e+002  4.5975121e+001
 -1.2394406e+002  4.5975113e+001
 -1.2394426e+002  4.5975121e+001
 -1.2394447e+002  4.5975124e+001
 -1.2394468e+002  4.5975136e+001
 -1.2394488e+002  4.5975136e+001
 -1.2394509e+002  4.5975155e+001
 -1.2394530e+002  4.5975199e+001
 -1.2394550e+002  4.5975278e+001
