 -1.2392907e+002  4.6019991e+001
 -1.2392906e+002  4.6019857e+001
 -1.2392908e+002  4.6019649e+001
 -1.2392905e+002  4.6019441e+001
 -1.2392904e+002  4.6019232e+001
 -1.2392901e+002  4.6019024e+001
 -1.2392901e+002  4.6018816e+001
 -1.2392898e+002  4.6018608e+001
 -1.2392896e+002  4.6018399e+001
 -1.2392894e+002  4.6018191e+001
 -1.2392895e+002  4.6017983e+001
 -1.2392893e+002  4.6017774e+001
 -1.2392892e+002  4.6017566e+001
 -1.2392892e+002  4.6017560e+001
 -1.2392884e+002  4.6017358e+001
 -1.2392888e+002  4.6017149e+001
 -1.2392884e+002  4.6016941e+001
 -1.2392881e+002  4.6016733e+001
 -1.2392879e+002  4.6016524e+001
 -1.2392880e+002  4.6016316e+001
 -1.2392877e+002  4.6016108e+001
 -1.2392875e+002  4.6015900e+001
 -1.2392871e+002  4.6015714e+001
 -1.2392869e+002  4.6015691e+001
 -1.2392864e+002  4.6015483e+001
 -1.2392855e+002  4.6015275e+001
 -1.2392850e+002  4.6015066e+001
 -1.2392850e+002  4.6015048e+001
 -1.2392844e+002  4.6014858e+001
 -1.2392839e+002  4.6014650e+001
 -1.2392829e+002  4.6014536e+001
 -1.2392822e+002  4.6014441e+001
 -1.2392816e+002  4.6014233e+001
 -1.2392812e+002  4.6014025e+001
 -1.2392809e+002  4.6013816e+001
 -1.2392809e+002  4.6013812e+001
 -1.2392794e+002  4.6013608e+001
 -1.2392788e+002  4.6013519e+001
 -1.2392771e+002  4.6013400e+001
 -1.2392767e+002  4.6013348e+001
 -1.2392761e+002  4.6013191e+001
 -1.2392753e+002  4.6012983e+001
 -1.2392746e+002  4.6012902e+001
 -1.2392731e+002  4.6012775e+001
 -1.2392726e+002  4.6012743e+001
 -1.2392705e+002  4.6012711e+001
 -1.2392684e+002  4.6012679e+001
 -1.2392663e+002  4.6012578e+001
 -1.2392660e+002  4.6012567e+001
 -1.2392643e+002  4.6012485e+001
 -1.2392622e+002  4.6012421e+001
 -1.2392605e+002  4.6012358e+001
 -1.2392601e+002  4.6012343e+001
 -1.2392584e+002  4.6012150e+001
 -1.2392581e+002  4.6012008e+001
 -1.2392579e+002  4.6011942e+001
 -1.2392560e+002  4.6011747e+001
 -1.2392557e+002  4.6011733e+001
 -1.2392542e+002  4.6011525e+001
 -1.2392539e+002  4.6011486e+001
 -1.2392518e+002  4.6011458e+001
 -1.2392510e+002  4.6011525e+001
 -1.2392498e+002  4.6011619e+001
 -1.2392485e+002  4.6011733e+001
 -1.2392477e+002  4.6011786e+001
 -1.2392456e+002  4.6011814e+001
 -1.2392435e+002  4.6011829e+001
 -1.2392415e+002  4.6011838e+001
 -1.2392394e+002  4.6011831e+001
 -1.2392373e+002  4.6011801e+001
 -1.2392352e+002  4.6011800e+001
 -1.2392332e+002  4.6011827e+001
 -1.2392322e+002  4.6011942e+001
 -1.2392311e+002  4.6012058e+001
 -1.2392293e+002  4.6012150e+001
 -1.2392290e+002  4.6012173e+001
 -1.2392269e+002  4.6012318e+001
 -1.2392266e+002  4.6012358e+001
 -1.2392251e+002  4.6012567e+001
 -1.2392249e+002  4.6012592e+001
 -1.2392228e+002  4.6012730e+001
 -1.2392215e+002  4.6012775e+001
 -1.2392207e+002  4.6012828e+001
 -1.2392186e+002  4.6012954e+001
 -1.2392185e+002  4.6012983e+001
 -1.2392185e+002  4.6013191e+001
 -1.2392186e+002  4.6013400e+001
 -1.2392180e+002  4.6013608e+001
 -1.2392171e+002  4.6013816e+001
 -1.2392166e+002  4.6014025e+001
 -1.2392168e+002  4.6014233e+001
 -1.2392182e+002  4.6014441e+001
 -1.2392186e+002  4.6014475e+001
 -1.2392207e+002  4.6014461e+001
 -1.2392214e+002  4.6014441e+001
 -1.2392228e+002  4.6014422e+001
 -1.2392232e+002  4.6014441e+001
 -1.2392249e+002  4.6014558e+001
 -1.2392262e+002  4.6014650e+001
 -1.2392269e+002  4.6014692e+001
 -1.2392290e+002  4.6014673e+001
 -1.2392306e+002  4.6014650e+001
 -1.2392311e+002  4.6014644e+001
 -1.2392317e+002  4.6014650e+001
 -1.2392332e+002  4.6014667e+001
 -1.2392352e+002  4.6014738e+001
 -1.2392373e+002  4.6014688e+001
 -1.2392391e+002  4.6014650e+001
 -1.2392394e+002  4.6014644e+001
 -1.2392395e+002  4.6014650e+001
 -1.2392415e+002  4.6014715e+001
 -1.2392429e+002  4.6014650e+001
 -1.2392435e+002  4.6014613e+001
 -1.2392443e+002  4.6014441e+001
 -1.2392456e+002  4.6014384e+001
 -1.2392473e+002  4.6014441e+001
 -1.2392477e+002  4.6014635e+001
 -1.2392477e+002  4.6014650e+001
 -1.2392477e+002  4.6014655e+001
 -1.2392473e+002  4.6014858e+001
 -1.2392477e+002  4.6014988e+001
 -1.2392477e+002  4.6015066e+001
 -1.2392477e+002  4.6015086e+001
 -1.2392459e+002  4.6015275e+001
 -1.2392456e+002  4.6015305e+001
 -1.2392444e+002  4.6015483e+001
 -1.2392443e+002  4.6015691e+001
 -1.2392441e+002  4.6015900e+001
 -1.2392435e+002  4.6015938e+001
 -1.2392418e+002  4.6016108e+001
 -1.2392415e+002  4.6016139e+001
 -1.2392398e+002  4.6016316e+001
 -1.2392394e+002  4.6016394e+001
 -1.2392377e+002  4.6016524e+001
 -1.2392373e+002  4.6016565e+001
 -1.2392362e+002  4.6016733e+001
 -1.2392352e+002  4.6016780e+001
 -1.2392332e+002  4.6016781e+001
 -1.2392315e+002  4.6016941e+001
 -1.2392311e+002  4.6016985e+001
 -1.2392290e+002  4.6016975e+001
 -1.2392269e+002  4.6016986e+001
 -1.2392253e+002  4.6017149e+001
 -1.2392249e+002  4.6017221e+001
 -1.2392228e+002  4.6017237e+001
 -1.2392208e+002  4.6017358e+001
 -1.2392207e+002  4.6017361e+001
 -1.2392195e+002  4.6017566e+001
 -1.2392186e+002  4.6017611e+001
 -1.2392166e+002  4.6017642e+001
 -1.2392154e+002  4.6017774e+001
 -1.2392145e+002  4.6017836e+001
 -1.2392124e+002  4.6017900e+001
 -1.2392116e+002  4.6017983e+001
 -1.2392104e+002  4.6018089e+001
 -1.2392092e+002  4.6018191e+001
 -1.2392083e+002  4.6018399e+001
 -1.2392083e+002  4.6018400e+001
 -1.2392062e+002  4.6018441e+001
 -1.2392041e+002  4.6018438e+001
 -1.2392021e+002  4.6018453e+001
 -1.2392000e+002  4.6018463e+001
 -1.2391979e+002  4.6018491e+001
 -1.2391958e+002  4.6018496e+001
 -1.2391938e+002  4.6018536e+001
 -1.2391927e+002  4.6018608e+001
 -1.2391917e+002  4.6018630e+001
 -1.2391896e+002  4.6018634e+001
 -1.2391881e+002  4.6018608e+001
 -1.2391875e+002  4.6018554e+001
 -1.2391855e+002  4.6018541e+001
 -1.2391836e+002  4.6018399e+001
 -1.2391834e+002  4.6018349e+001
 -1.2391813e+002  4.6018282e+001
 -1.2391792e+002  4.6018201e+001
 -1.2391790e+002  4.6018191e+001
 -1.2391772e+002  4.6018065e+001
 -1.2391753e+002  4.6017983e+001
 -1.2391751e+002  4.6017976e+001
 -1.2391730e+002  4.6017930e+001
 -1.2391709e+002  4.6017905e+001
 -1.2391689e+002  4.6017851e+001
 -1.2391668e+002  4.6017880e+001
 -1.2391647e+002  4.6017930e+001
 -1.2391627e+002  4.6017834e+001
 -1.2391611e+002  4.6017774e+001
 -1.2391619e+002  4.6017566e+001
 -1.2391606e+002  4.6017449e+001
 -1.2391601e+002  4.6017566e+001
 -1.2391605e+002  4.6017774e+001
 -1.2391585e+002  4.6017930e+001
 -1.2391575e+002  4.6017774e+001
 -1.2391571e+002  4.6017566e+001
 -1.2391564e+002  4.6017489e+001
 -1.2391546e+002  4.6017566e+001
 -1.2391544e+002  4.6017572e+001
 -1.2391543e+002  4.6017566e+001
 -1.2391542e+002  4.6017358e+001
 -1.2391544e+002  4.6017303e+001
 -1.2391552e+002  4.6017149e+001
 -1.2391564e+002  4.6017051e+001
 -1.2391580e+002  4.6016941e+001
 -1.2391584e+002  4.6016733e+001
 -1.2391585e+002  4.6016704e+001
 -1.2391606e+002  4.6016524e+001
 -1.2391606e+002  4.6016517e+001
 -1.2391611e+002  4.6016316e+001
 -1.2391620e+002  4.6016108e+001
 -1.2391627e+002  4.6015955e+001
 -1.2391632e+002  4.6015900e+001
 -1.2391647e+002  4.6015758e+001
 -1.2391655e+002  4.6015900e+001
 -1.2391668e+002  4.6016086e+001
 -1.2391689e+002  4.6015916e+001
 -1.2391709e+002  4.6015918e+001
 -1.2391730e+002  4.6015957e+001
 -1.2391745e+002  4.6015900e+001
 -1.2391751e+002  4.6015859e+001
 -1.2391766e+002  4.6015900e+001
 -1.2391772e+002  4.6015918e+001
 -1.2391779e+002  4.6015900e+001
 -1.2391792e+002  4.6015868e+001
 -1.2391813e+002  4.6015760e+001
 -1.2391819e+002  4.6015691e+001
 -1.2391834e+002  4.6015516e+001
 -1.2391835e+002  4.6015483e+001
 -1.2391855e+002  4.6015301e+001
 -1.2391858e+002  4.6015275e+001
 -1.2391875e+002  4.6015113e+001
 -1.2391884e+002  4.6015066e+001
 -1.2391896e+002  4.6014996e+001
 -1.2391913e+002  4.6014858e+001
 -1.2391917e+002  4.6014732e+001
 -1.2391918e+002  4.6014650e+001
 -1.2391917e+002  4.6014476e+001
 -1.2391917e+002  4.6014441e+001
 -1.2391896e+002  4.6014279e+001
 -1.2391891e+002  4.6014233e+001
 -1.2391877e+002  4.6014025e+001
 -1.2391875e+002  4.6014011e+001
 -1.2391858e+002  4.6013816e+001
 -1.2391855e+002  4.6013797e+001
 -1.2391834e+002  4.6013660e+001
 -1.2391829e+002  4.6013608e+001
 -1.2391813e+002  4.6013460e+001
 -1.2391803e+002  4.6013400e+001
 -1.2391792e+002  4.6013277e+001
 -1.2391786e+002  4.6013191e+001
 -1.2391772e+002  4.6013030e+001
 -1.2391769e+002  4.6012983e+001
 -1.2391753e+002  4.6012775e+001
 -1.2391751e+002  4.6012748e+001
 -1.2391732e+002  4.6012567e+001
 -1.2391730e+002  4.6012548e+001
 -1.2391725e+002  4.6012358e+001
 -1.2391724e+002  4.6012150e+001
 -1.2391730e+002  4.6012048e+001
 -1.2391736e+002  4.6011942e+001
 -1.2391740e+002  4.6011733e+001
 -1.2391741e+002  4.6011525e+001
 -1.2391743e+002  4.6011317e+001
 -1.2391749e+002  4.6011108e+001
 -1.2391751e+002  4.6011033e+001
 -1.2391755e+002  4.6010900e+001
 -1.2391757e+002  4.6010692e+001
 -1.2391761e+002  4.6010483e+001
 -1.2391768e+002  4.6010275e+001
 -1.2391772e+002  4.6010133e+001
 -1.2391774e+002  4.6010067e+001
 -1.2391778e+002  4.6009859e+001
 -1.2391782e+002  4.6009650e+001
 -1.2391789e+002  4.6009442e+001
 -1.2391792e+002  4.6009310e+001
 -1.2391794e+002  4.6009234e+001
 -1.2391799e+002  4.6009025e+001
 -1.2391804e+002  4.6008817e+001
 -1.2391810e+002  4.6008609e+001
 -1.2391813e+002  4.6008570e+001
 -1.2391820e+002  4.6008400e+001
 -1.2391823e+002  4.6008192e+001
 -1.2391824e+002  4.6007984e+001
 -1.2391826e+002  4.6007775e+001
 -1.2391829e+002  4.6007567e+001
 -1.2391833e+002  4.6007359e+001
 -1.2391834e+002  4.6007331e+001
 -1.2391839e+002  4.6007151e+001
 -1.2391846e+002  4.6006942e+001
 -1.2391848e+002  4.6006734e+001
 -1.2391849e+002  4.6006526e+001
 -1.2391851e+002  4.6006317e+001
 -1.2391855e+002  4.6006271e+001
 -1.2391875e+002  4.6006112e+001
 -1.2391876e+002  4.6006109e+001
 -1.2391883e+002  4.6005901e+001
 -1.2391885e+002  4.6005692e+001
 -1.2391886e+002  4.6005484e+001
 -1.2391896e+002  4.6005351e+001
 -1.2391903e+002  4.6005276e+001
 -1.2391912e+002  4.6005067e+001
 -1.2391917e+002  4.6004945e+001
 -1.2391926e+002  4.6004859e+001
 -1.2391933e+002  4.6004651e+001
 -1.2391938e+002  4.6004554e+001
 -1.2391954e+002  4.6004443e+001
 -1.2391958e+002  4.6004413e+001
 -1.2391974e+002  4.6004234e+001
 -1.2391979e+002  4.6004185e+001
 -1.2391997e+002  4.6004026e+001
 -1.2392000e+002  4.6003904e+001
 -1.2392021e+002  4.6003931e+001
 -1.2392041e+002  4.6003890e+001
 -1.2392058e+002  4.6004026e+001
 -1.2392062e+002  4.6004078e+001
 -1.2392083e+002  4.6004224e+001
 -1.2392084e+002  4.6004234e+001
 -1.2392101e+002  4.6004443e+001
 -1.2392104e+002  4.6004455e+001
 -1.2392124e+002  4.6004456e+001
 -1.2392145e+002  4.6004474e+001
 -1.2392166e+002  4.6004549e+001
 -1.2392184e+002  4.6004651e+001
 -1.2392186e+002  4.6004683e+001
 -1.2392199e+002  4.6004651e+001
 -1.2392207e+002  4.6004639e+001
 -1.2392228e+002  4.6004647e+001
 -1.2392228e+002  4.6004651e+001
 -1.2392232e+002  4.6004859e+001
 -1.2392237e+002  4.6005067e+001
 -1.2392244e+002  4.6005276e+001
 -1.2392242e+002  4.6005484e+001
 -1.2392241e+002  4.6005692e+001
 -1.2392244e+002  4.6005901e+001
 -1.2392244e+002  4.6006109e+001
 -1.2392235e+002  4.6006317e+001
 -1.2392228e+002  4.6006428e+001
 -1.2392212e+002  4.6006526e+001
 -1.2392207e+002  4.6006540e+001
 -1.2392186e+002  4.6006594e+001
 -1.2392171e+002  4.6006734e+001
 -1.2392166e+002  4.6006773e+001
 -1.2392149e+002  4.6006942e+001
 -1.2392145e+002  4.6006971e+001
 -1.2392124e+002  4.6007013e+001
 -1.2392104e+002  4.6007102e+001
 -1.2392100e+002  4.6007151e+001
 -1.2392098e+002  4.6007359e+001
 -1.2392100e+002  4.6007567e+001
 -1.2392104e+002  4.6007723e+001
 -1.2392107e+002  4.6007775e+001
 -1.2392124e+002  4.6007825e+001
 -1.2392145e+002  4.6007888e+001
 -1.2392162e+002  4.6007984e+001
 -1.2392166e+002  4.6008027e+001
 -1.2392186e+002  4.6008192e+001
 -1.2392186e+002  4.6008192e+001
 -1.2392202e+002  4.6008400e+001
 -1.2392207e+002  4.6008507e+001
 -1.2392209e+002  4.6008609e+001
 -1.2392214e+002  4.6008817e+001
 -1.2392217e+002  4.6009025e+001
 -1.2392228e+002  4.6009226e+001
 -1.2392228e+002  4.6009234e+001
 -1.2392235e+002  4.6009442e+001
 -1.2392241e+002  4.6009650e+001
 -1.2392245e+002  4.6009859e+001
 -1.2392249e+002  4.6009943e+001
 -1.2392252e+002  4.6010067e+001
 -1.2392258e+002  4.6010275e+001
 -1.2392264e+002  4.6010483e+001
 -1.2392268e+002  4.6010692e+001
 -1.2392269e+002  4.6010727e+001
 -1.2392276e+002  4.6010900e+001
 -1.2392290e+002  4.6011074e+001
 -1.2392298e+002  4.6011108e+001
 -1.2392311e+002  4.6011180e+001
 -1.2392332e+002  4.6011217e+001
 -1.2392334e+002  4.6011108e+001
 -1.2392332e+002  4.6011067e+001
 -1.2392325e+002  4.6010900e+001
 -1.2392323e+002  4.6010692e+001
 -1.2392321e+002  4.6010483e+001
 -1.2392319e+002  4.6010275e+001
 -1.2392311e+002  4.6010067e+001
 -1.2392311e+002  4.6010043e+001
 -1.2392304e+002  4.6009859e+001
 -1.2392295e+002  4.6009650e+001
 -1.2392290e+002  4.6009578e+001
 -1.2392277e+002  4.6009442e+001
 -1.2392269e+002  4.6009362e+001
 -1.2392265e+002  4.6009234e+001
 -1.2392265e+002  4.6009025e+001
 -1.2392265e+002  4.6008817e+001
 -1.2392267e+002  4.6008609e+001
 -1.2392269e+002  4.6008546e+001
 -1.2392290e+002  4.6008464e+001
 -1.2392311e+002  4.6008439e+001
 -1.2392315e+002  4.6008400e+001
 -1.2392313e+002  4.6008192e+001
 -1.2392311e+002  4.6008152e+001
 -1.2392290e+002  4.6008033e+001
 -1.2392269e+002  4.6007998e+001
 -1.2392268e+002  4.6007984e+001
 -1.2392269e+002  4.6007964e+001
 -1.2392290e+002  4.6007897e+001
 -1.2392311e+002  4.6007803e+001
 -1.2392315e+002  4.6007775e+001
 -1.2392322e+002  4.6007567e+001
 -1.2392332e+002  4.6007461e+001
 -1.2392338e+002  4.6007567e+001
 -1.2392352e+002  4.6007751e+001
 -1.2392365e+002  4.6007567e+001
 -1.2392373e+002  4.6007364e+001
 -1.2392394e+002  4.6007485e+001
 -1.2392396e+002  4.6007567e+001
 -1.2392415e+002  4.6007763e+001
 -1.2392419e+002  4.6007775e+001
 -1.2392435e+002  4.6007948e+001
 -1.2392443e+002  4.6007775e+001
 -1.2392456e+002  4.6007731e+001
 -1.2392477e+002  4.6007639e+001
 -1.2392485e+002  4.6007567e+001
 -1.2392498e+002  4.6007389e+001
 -1.2392502e+002  4.6007359e+001
 -1.2392518e+002  4.6007235e+001
 -1.2392534e+002  4.6007151e+001
 -1.2392539e+002  4.6007118e+001
 -1.2392560e+002  4.6007028e+001
 -1.2392571e+002  4.6006942e+001
 -1.2392581e+002  4.6006840e+001
 -1.2392587e+002  4.6006734e+001
 -1.2392592e+002  4.6006526e+001
 -1.2392596e+002  4.6006317e+001
 -1.2392601e+002  4.6006218e+001
 -1.2392610e+002  4.6006109e+001
 -1.2392622e+002  4.6005969e+001
 -1.2392627e+002  4.6005901e+001
 -1.2392629e+002  4.6005692e+001
 -1.2392631e+002  4.6005484e+001
 -1.2392632e+002  4.6005276e+001
 -1.2392632e+002  4.6005067e+001
 -1.2392632e+002  4.6004859e+001
 -1.2392643e+002  4.6004651e+001
 -1.2392638e+002  4.6004443e+001
 -1.2392643e+002  4.6004358e+001
 -1.2392646e+002  4.6004234e+001
 -1.2392647e+002  4.6004026e+001
 -1.2392654e+002  4.6003818e+001
 -1.2392663e+002  4.6003726e+001
 -1.2392674e+002  4.6003609e+001
 -1.2392684e+002  4.6003474e+001
 -1.2392702e+002  4.6003401e+001
 -1.2392705e+002  4.6003391e+001
 -1.2392723e+002  4.6003193e+001
 -1.2392726e+002  4.6003162e+001
 -1.2392731e+002  4.6002984e+001
 -1.2392746e+002  4.6002810e+001
 -1.2392749e+002  4.6002776e+001
 -1.2392754e+002  4.6002568e+001
 -1.2392767e+002  4.6002359e+001
 -1.2392767e+002  4.6002352e+001
 -1.2392776e+002  4.6002151e+001
 -1.2392788e+002  4.6001946e+001
 -1.2392788e+002  4.6001943e+001
 -1.2392788e+002  4.6001934e+001
 -1.2392782e+002  4.6001735e+001
 -1.2392777e+002  4.6001526e+001
 -1.2392772e+002  4.6001318e+001
 -1.2392767e+002  4.6001175e+001
 -1.2392764e+002  4.6001110e+001
 -1.2392767e+002  4.6000928e+001
 -1.2392767e+002  4.6000901e+001
 -1.2392767e+002  4.6000723e+001
 -1.2392767e+002  4.6000693e+001
 -1.2392767e+002  4.6000691e+001
 -1.2392772e+002  4.6000485e+001
 -1.2392783e+002  4.6000276e+001
 -1.2392788e+002  4.6000182e+001
 -1.2392794e+002  4.6000068e+001
 -1.2392800e+002  4.5999860e+001
 -1.2392807e+002  4.5999651e+001
 -1.2392809e+002  4.5999625e+001
 -1.2392817e+002  4.5999443e+001
 -1.2392824e+002  4.5999235e+001
 -1.2392829e+002  4.5999113e+001
 -1.2392833e+002  4.5999027e+001
 -1.2392844e+002  4.5998818e+001
 -1.2392850e+002  4.5998773e+001
 -1.2392856e+002  4.5998610e+001
 -1.2392867e+002  4.5998402e+001
 -1.2392871e+002  4.5998204e+001
 -1.2392871e+002  4.5998193e+001
 -1.2392875e+002  4.5997985e+001
 -1.2392883e+002  4.5997777e+001
 -1.2392890e+002  4.5997568e+001
 -1.2392892e+002  4.5997487e+001
 -1.2392893e+002  4.5997360e+001
 -1.2392897e+002  4.5997152e+001
 -1.2392901e+002  4.5996943e+001
 -1.2392903e+002  4.5996735e+001
 -1.2392904e+002  4.5996527e+001
 -1.2392905e+002  4.5996318e+001
 -1.2392912e+002  4.5996178e+001
 -1.2392918e+002  4.5996110e+001
 -1.2392933e+002  4.5996009e+001
 -1.2392939e+002  4.5995902e+001
 -1.2392942e+002  4.5995694e+001
 -1.2392950e+002  4.5995485e+001
 -1.2392954e+002  4.5995441e+001
 -1.2392959e+002  4.5995277e+001
 -1.2392964e+002  4.5995069e+001
 -1.2392966e+002  4.5994860e+001
 -1.2392968e+002  4.5994652e+001
 -1.2392975e+002  4.5994469e+001
 -1.2392975e+002  4.5994444e+001
 -1.2392981e+002  4.5994235e+001
 -1.2392984e+002  4.5994027e+001
 -1.2392987e+002  4.5993819e+001
 -1.2392992e+002  4.5993610e+001
 -1.2392995e+002  4.5993537e+001
 -1.2393008e+002  4.5993402e+001
 -1.2393016e+002  4.5993223e+001
 -1.2393017e+002  4.5993194e+001
 -1.2393021e+002  4.5992986e+001
 -1.2393026e+002  4.5992777e+001
 -1.2393033e+002  4.5992569e+001
 -1.2393037e+002  4.5992383e+001
 -1.2393037e+002  4.5992361e+001
 -1.2393040e+002  4.5992152e+001
 -1.2393049e+002  4.5991944e+001
 -1.2393057e+002  4.5991756e+001
 -1.2393058e+002  4.5991736e+001
 -1.2393059e+002  4.5991527e+001
 -1.2393060e+002  4.5991319e+001
 -1.2393066e+002  4.5991111e+001
 -1.2393075e+002  4.5990902e+001
 -1.2393078e+002  4.5990782e+001
 -1.2393080e+002  4.5990694e+001
 -1.2393086e+002  4.5990486e+001
 -1.2393099e+002  4.5990376e+001
 -1.2393108e+002  4.5990278e+001
 -1.2393120e+002  4.5990167e+001
 -1.2393123e+002  4.5990069e+001
 -1.2393126e+002  4.5989861e+001
 -1.2393130e+002  4.5989653e+001
 -1.2393140e+002  4.5989478e+001
 -1.2393142e+002  4.5989444e+001
 -1.2393149e+002  4.5989236e+001
 -1.2393155e+002  4.5989028e+001
 -1.2393161e+002  4.5988830e+001
 -1.2393162e+002  4.5988819e+001
 -1.2393182e+002  4.5988675e+001
 -1.2393185e+002  4.5988611e+001
 -1.2393194e+002  4.5988403e+001
 -1.2393194e+002  4.5988194e+001
 -1.2393195e+002  4.5987986e+001
 -1.2393194e+002  4.5987778e+001
 -1.2393197e+002  4.5987570e+001
 -1.2393202e+002  4.5987361e+001
 -1.2393203e+002  4.5987344e+001
 -1.2393207e+002  4.5987153e+001
 -1.2393217e+002  4.5986945e+001
 -1.2393223e+002  4.5986810e+001
 -1.2393226e+002  4.5986736e+001
 -1.2393229e+002  4.5986528e+001
 -1.2393232e+002  4.5986320e+001
 -1.2393237e+002  4.5986111e+001
 -1.2393239e+002  4.5985903e+001
 -1.2393240e+002  4.5985695e+001
 -1.2393241e+002  4.5985486e+001
 -1.2393244e+002  4.5985343e+001
 -1.2393247e+002  4.5985278e+001
 -1.2393258e+002  4.5985070e+001
 -1.2393264e+002  4.5984862e+001
 -1.2393265e+002  4.5984776e+001
 -1.2393266e+002  4.5984653e+001
 -1.2393269e+002  4.5984445e+001
 -1.2393273e+002  4.5984237e+001
 -1.2393278e+002  4.5984028e+001
 -1.2393286e+002  4.5983870e+001
 -1.2393287e+002  4.5983820e+001
 -1.2393300e+002  4.5983612e+001
 -1.2393306e+002  4.5983504e+001
 -1.2393311e+002  4.5983403e+001
 -1.2393319e+002  4.5983195e+001
 -1.2393323e+002  4.5982987e+001
 -1.2393327e+002  4.5982891e+001
 -1.2393344e+002  4.5982778e+001
 -1.2393348e+002  4.5982736e+001
 -1.2393352e+002  4.5982570e+001
 -1.2393353e+002  4.5982362e+001
 -1.2393360e+002  4.5982153e+001
 -1.2393369e+002  4.5982002e+001
 -1.2393370e+002  4.5981945e+001
 -1.2393373e+002  4.5981737e+001
 -1.2393375e+002  4.5981529e+001
 -1.2393380e+002  4.5981320e+001
 -1.2393389e+002  4.5981198e+001
 -1.2393393e+002  4.5981112e+001
 -1.2393400e+002  4.5980904e+001
 -1.2393408e+002  4.5980695e+001
 -1.2393410e+002  4.5980635e+001
 -1.2393417e+002  4.5980487e+001
 -1.2393431e+002  4.5980350e+001
 -1.2393435e+002  4.5980279e+001
 -1.2393445e+002  4.5980070e+001
 -1.2393447e+002  4.5979862e+001
 -1.2393451e+002  4.5979654e+001
 -1.2393442e+002  4.5979445e+001
 -1.2393431e+002  4.5979280e+001
 -1.2393422e+002  4.5979237e+001
 -1.2393410e+002  4.5979121e+001
 -1.2393406e+002  4.5979029e+001
 -1.2393401e+002  4.5978821e+001
 -1.2393402e+002  4.5978612e+001
 -1.2393408e+002  4.5978404e+001
 -1.2393410e+002  4.5978328e+001
 -1.2393420e+002  4.5978196e+001
 -1.2393427e+002  4.5977987e+001
 -1.2393431e+002  4.5977922e+001
 -1.2393445e+002  4.5977779e+001
 -1.2393452e+002  4.5977723e+001
 -1.2393472e+002  4.5977636e+001
 -1.2393483e+002  4.5977571e+001
 -1.2393493e+002  4.5977493e+001
 -1.2393512e+002  4.5977362e+001
 -1.2393514e+002  4.5977351e+001
 -1.2393530e+002  4.5977154e+001
 -1.2393534e+002  4.5977072e+001
 -1.2393538e+002  4.5976946e+001
 -1.2393544e+002  4.5976737e+001
 -1.2393537e+002  4.5976529e+001
 -1.2393534e+002  4.5976498e+001
 -1.2393514e+002  4.5976321e+001
 -1.2393514e+002  4.5976320e+001
 -1.2393493e+002  4.5976260e+001
 -1.2393472e+002  4.5976231e+001
 -1.2393452e+002  4.5976321e+001
 -1.2393452e+002  4.5976323e+001
 -1.2393433e+002  4.5976321e+001
 -1.2393431e+002  4.5976321e+001
 -1.2393410e+002  4.5976312e+001
 -1.2393389e+002  4.5976247e+001
 -1.2393374e+002  4.5976113e+001
 -1.2393369e+002  4.5976089e+001
 -1.2393348e+002  4.5976014e+001
 -1.2393327e+002  4.5975941e+001
 -1.2393322e+002  4.5975904e+001
 -1.2393320e+002  4.5975696e+001
 -1.2393320e+002  4.5975488e+001
 -1.2393306e+002  4.5975333e+001
 -1.2393302e+002  4.5975279e+001
 -1.2393297e+002  4.5975071e+001
 -1.2393290e+002  4.5974863e+001
 -1.2393286e+002  4.5974779e+001
 -1.2393278e+002  4.5974654e+001
 -1.2393265e+002  4.5974472e+001
 -1.2393263e+002  4.5974446e+001
 -1.2393249e+002  4.5974238e+001
 -1.2393246e+002  4.5974029e+001
 -1.2393250e+002  4.5973821e+001
 -1.2393265e+002  4.5973638e+001
 -1.2393267e+002  4.5973613e+001
 -1.2393286e+002  4.5973470e+001
 -1.2393289e+002  4.5973405e+001
 -1.2393292e+002  4.5973196e+001
 -1.2393304e+002  4.5972988e+001
 -1.2393306e+002  4.5972938e+001
 -1.2393317e+002  4.5972780e+001
 -1.2393327e+002  4.5972749e+001
 -1.2393348e+002  4.5972706e+001
 -1.2393369e+002  4.5972699e+001
 -1.2393389e+002  4.5972729e+001
 -1.2393404e+002  4.5972780e+001
 -1.2393410e+002  4.5972803e+001
 -1.2393431e+002  4.5972863e+001
 -1.2393452e+002  4.5972902e+001
 -1.2393472e+002  4.5972965e+001
 -1.2393478e+002  4.5972988e+001
 -1.2393493e+002  4.5973115e+001
 -1.2393514e+002  4.5973196e+001
 -1.2393514e+002  4.5973197e+001
 -1.2393534e+002  4.5973280e+001
 -1.2393548e+002  4.5973405e+001
 -1.2393555e+002  4.5973450e+001
 -1.2393576e+002  4.5973573e+001
 -1.2393590e+002  4.5973613e+001
 -1.2393597e+002  4.5973633e+001
 -1.2393617e+002  4.5973688e+001
 -1.2393638e+002  4.5973816e+001
 -1.2393639e+002  4.5973821e+001
 -1.2393653e+002  4.5974029e+001
 -1.2393659e+002  4.5974094e+001
 -1.2393680e+002  4.5974176e+001
 -1.2393695e+002  4.5974238e+001
 -1.2393700e+002  4.5974248e+001
 -1.2393721e+002  4.5974307e+001
 -1.2393742e+002  4.5974341e+001
 -1.2393763e+002  4.5974342e+001
 -1.2393783e+002  4.5974336e+001
 -1.2393804e+002  4.5974315e+001
 -1.2393825e+002  4.5974329e+001
 -1.2393846e+002  4.5974400e+001
 -1.2393854e+002  4.5974446e+001
 -1.2393866e+002  4.5974516e+001
 -1.2393875e+002  4.5974654e+001
 -1.2393884e+002  4.5974863e+001
 -1.2393887e+002  4.5974904e+001
 -1.2393908e+002  4.5975025e+001
 -1.2393929e+002  4.5975029e+001
 -1.2393949e+002  4.5975022e+001
 -1.2393970e+002  4.5975005e+001
 -1.2393991e+002  4.5974990e+001
 -1.2394011e+002  4.5974979e+001
 -1.2394032e+002  4.5975011e+001
 -1.2394052e+002  4.5975071e+001
 -1.2394053e+002  4.5975072e+001
 -1.2394074e+002  4.5975071e+001
 -1.2394074e+002  4.5975071e+001
 -1.2394094e+002  4.5975024e+001
 -1.2394115e+002  4.5975034e+001
 -1.2394136e+002  4.5974957e+001
 -1.2394157e+002  4.5974883e+001
 -1.2394162e+002  4.5974863e+001
 -1.2394177e+002  4.5974753e+001
 -1.2394194e+002  4.5974654e+001
 -1.2394198e+002  4.5974635e+001
 -1.2394219e+002  4.5974551e+001
 -1.2394240e+002  4.5974521e+001
 -1.2394260e+002  4.5974515e+001
 -1.2394281e+002  4.5974546e+001
 -1.2394302e+002  4.5974627e+001
 -1.2394305e+002  4.5974654e+001
 -1.2394323e+002  4.5974783e+001
 -1.2394343e+002  4.5974810e+001
 -1.2394364e+002  4.5974849e+001
 -1.2394368e+002  4.5974863e+001
 -1.2394385e+002  4.5974891e+001
 -1.2394406e+002  4.5974902e+001
 -1.2394426e+002  4.5974954e+001
 -1.2394447e+002  4.5975047e+001
 -1.2394451e+002  4.5975071e+001
 -1.2394468e+002  4.5975100e+001
 -1.2394488e+002  4.5975095e+001
 -1.2394509e+002  4.5975112e+001
 -1.2394530e+002  4.5975120e+001
 -1.2394550e+002  4.5975130e+001
