 -1.2392885e+002  4.6019991e+001
 -1.2392883e+002  4.6019901e+001
 -1.2392882e+002  4.6019777e+001
 -1.2392881e+002  4.6019653e+001
 -1.2392881e+002  4.6019529e+001
 -1.2392881e+002  4.6019405e+001
 -1.2392881e+002  4.6019310e+001
 -1.2392881e+002  4.6019280e+001
 -1.2392880e+002  4.6019156e+001
 -1.2392878e+002  4.6019032e+001
 -1.2392876e+002  4.6018908e+001
 -1.2392874e+002  4.6018783e+001
 -1.2392873e+002  4.6018659e+001
 -1.2392871e+002  4.6018535e+001
 -1.2392870e+002  4.6018453e+001
 -1.2392869e+002  4.6018411e+001
 -1.2392868e+002  4.6018287e+001
 -1.2392864e+002  4.6018162e+001
 -1.2392860e+002  4.6018038e+001
 -1.2392859e+002  4.6017976e+001
 -1.2392857e+002  4.6017914e+001
 -1.2392854e+002  4.6017790e+001
 -1.2392853e+002  4.6017666e+001
 -1.2392852e+002  4.6017541e+001
 -1.2392852e+002  4.6017417e+001
 -1.2392851e+002  4.6017293e+001
 -1.2392850e+002  4.6017169e+001
 -1.2392849e+002  4.6017045e+001
 -1.2392848e+002  4.6016925e+001
 -1.2392848e+002  4.6016920e+001
 -1.2392847e+002  4.6016796e+001
 -1.2392846e+002  4.6016672e+001
 -1.2392844e+002  4.6016548e+001
 -1.2392843e+002  4.6016424e+001
 -1.2392840e+002  4.6016299e+001
 -1.2392837e+002  4.6016175e+001
 -1.2392837e+002  4.6016113e+001
 -1.2392835e+002  4.6016051e+001
 -1.2392831e+002  4.6015927e+001
 -1.2392828e+002  4.6015802e+001
 -1.2392825e+002  4.6015722e+001
 -1.2392824e+002  4.6015678e+001
 -1.2392819e+002  4.6015554e+001
 -1.2392814e+002  4.6015464e+001
 -1.2392812e+002  4.6015430e+001
 -1.2392804e+002  4.6015306e+001
 -1.2392803e+002  4.6015255e+001
 -1.2392801e+002  4.6015181e+001
 -1.2392798e+002  4.6015057e+001
 -1.2392795e+002  4.6014933e+001
 -1.2392792e+002  4.6014819e+001
 -1.2392792e+002  4.6014809e+001
 -1.2392787e+002  4.6014685e+001
 -1.2392781e+002  4.6014562e+001
 -1.2392781e+002  4.6014560e+001
 -1.2392773e+002  4.6014436e+001
 -1.2392770e+002  4.6014374e+001
 -1.2392766e+002  4.6014312e+001
 -1.2392759e+002  4.6014194e+001
 -1.2392758e+002  4.6014188e+001
 -1.2392748e+002  4.6014064e+001
 -1.2392748e+002  4.6014064e+001
 -1.2392739e+002  4.6013939e+001
 -1.2392736e+002  4.6013892e+001
 -1.2392732e+002  4.6013815e+001
 -1.2392725e+002  4.6013693e+001
 -1.2392725e+002  4.6013691e+001
 -1.2392715e+002  4.6013567e+001
 -1.2392714e+002  4.6013554e+001
 -1.2392703e+002  4.6013465e+001
 -1.2392699e+002  4.6013443e+001
 -1.2392692e+002  4.6013405e+001
 -1.2392681e+002  4.6013318e+001
 -1.2392681e+002  4.6013315e+001
 -1.2392670e+002  4.6013214e+001
 -1.2392667e+002  4.6013194e+001
 -1.2392659e+002  4.6013142e+001
 -1.2392647e+002  4.6013076e+001
 -1.2392646e+002  4.6013070e+001
 -1.2392636e+002  4.6013029e+001
 -1.2392625e+002  4.6012999e+001
 -1.2392614e+002  4.6012956e+001
 -1.2392608e+002  4.6012946e+001
 -1.2392603e+002  4.6012938e+001
 -1.2392592e+002  4.6012936e+001
 -1.2392581e+002  4.6012914e+001
 -1.2392572e+002  4.6012821e+001
 -1.2392570e+002  4.6012781e+001
 -1.2392558e+002  4.6012701e+001
 -1.2392547e+002  4.6012742e+001
 -1.2392540e+002  4.6012821e+001
 -1.2392536e+002  4.6012894e+001
 -1.2392534e+002  4.6012946e+001
 -1.2392527e+002  4.6013070e+001
 -1.2392525e+002  4.6013104e+001
 -1.2392521e+002  4.6013194e+001
 -1.2392514e+002  4.6013304e+001
 -1.2392513e+002  4.6013318e+001
 -1.2392504e+002  4.6013443e+001
 -1.2392503e+002  4.6013453e+001
 -1.2392493e+002  4.6013567e+001
 -1.2392492e+002  4.6013609e+001
 -1.2392489e+002  4.6013691e+001
 -1.2392490e+002  4.6013815e+001
 -1.2392492e+002  4.6013909e+001
 -1.2392492e+002  4.6013939e+001
 -1.2392495e+002  4.6014064e+001
 -1.2392497e+002  4.6014188e+001
 -1.2392496e+002  4.6014312e+001
 -1.2392495e+002  4.6014436e+001
 -1.2392494e+002  4.6014560e+001
 -1.2392492e+002  4.6014685e+001
 -1.2392492e+002  4.6014809e+001
 -1.2392492e+002  4.6014933e+001
 -1.2392492e+002  4.6015057e+001
 -1.2392492e+002  4.6015181e+001
 -1.2392492e+002  4.6015182e+001
 -1.2392491e+002  4.6015306e+001
 -1.2392490e+002  4.6015430e+001
 -1.2392488e+002  4.6015554e+001
 -1.2392485e+002  4.6015678e+001
 -1.2392481e+002  4.6015763e+001
 -1.2392478e+002  4.6015802e+001
 -1.2392470e+002  4.6015905e+001
 -1.2392468e+002  4.6015927e+001
 -1.2392461e+002  4.6016051e+001
 -1.2392458e+002  4.6016122e+001
 -1.2392456e+002  4.6016175e+001
 -1.2392447e+002  4.6016268e+001
 -1.2392443e+002  4.6016299e+001
 -1.2392436e+002  4.6016362e+001
 -1.2392430e+002  4.6016424e+001
 -1.2392425e+002  4.6016471e+001
 -1.2392414e+002  4.6016545e+001
 -1.2392413e+002  4.6016548e+001
 -1.2392403e+002  4.6016606e+001
 -1.2392392e+002  4.6016649e+001
 -1.2392388e+002  4.6016672e+001
 -1.2392381e+002  4.6016755e+001
 -1.2392374e+002  4.6016796e+001
 -1.2392369e+002  4.6016819e+001
 -1.2392358e+002  4.6016853e+001
 -1.2392349e+002  4.6016920e+001
 -1.2392347e+002  4.6016950e+001
 -1.2392336e+002  4.6017045e+001
 -1.2392336e+002  4.6017046e+001
 -1.2392325e+002  4.6017081e+001
 -1.2392314e+002  4.6017093e+001
 -1.2392303e+002  4.6017104e+001
 -1.2392292e+002  4.6017166e+001
 -1.2392291e+002  4.6017169e+001
 -1.2392281e+002  4.6017293e+001
 -1.2392280e+002  4.6017297e+001
 -1.2392269e+002  4.6017375e+001
 -1.2392258e+002  4.6017410e+001
 -1.2392256e+002  4.6017417e+001
 -1.2392247e+002  4.6017444e+001
 -1.2392236e+002  4.6017528e+001
 -1.2392235e+002  4.6017541e+001
 -1.2392225e+002  4.6017644e+001
 -1.2392221e+002  4.6017666e+001
 -1.2392214e+002  4.6017704e+001
 -1.2392203e+002  4.6017741e+001
 -1.2392191e+002  4.6017772e+001
 -1.2392189e+002  4.6017790e+001
 -1.2392181e+002  4.6017914e+001
 -1.2392180e+002  4.6017917e+001
 -1.2392169e+002  4.6018007e+001
 -1.2392165e+002  4.6018038e+001
 -1.2392158e+002  4.6018113e+001
 -1.2392152e+002  4.6018162e+001
 -1.2392147e+002  4.6018207e+001
 -1.2392136e+002  4.6018283e+001
 -1.2392136e+002  4.6018287e+001
 -1.2392130e+002  4.6018411e+001
 -1.2392125e+002  4.6018513e+001
 -1.2392124e+002  4.6018535e+001
 -1.2392118e+002  4.6018659e+001
 -1.2392114e+002  4.6018709e+001
 -1.2392103e+002  4.6018783e+001
 -1.2392102e+002  4.6018789e+001
 -1.2392091e+002  4.6018886e+001
 -1.2392088e+002  4.6018908e+001
 -1.2392080e+002  4.6018978e+001
 -1.2392069e+002  4.6019011e+001
 -1.2392058e+002  4.6019015e+001
 -1.2392047e+002  4.6019007e+001
 -1.2392036e+002  4.6018993e+001
 -1.2392025e+002  4.6018981e+001
 -1.2392013e+002  4.6018977e+001
 -1.2392002e+002  4.6018974e+001
 -1.2391991e+002  4.6018973e+001
 -1.2391980e+002  4.6018967e+001
 -1.2391969e+002  4.6018958e+001
 -1.2391958e+002  4.6018954e+001
 -1.2391947e+002  4.6018949e+001
 -1.2391936e+002  4.6018956e+001
 -1.2391925e+002  4.6018959e+001
 -1.2391913e+002  4.6018962e+001
 -1.2391902e+002  4.6018983e+001
 -1.2391891e+002  4.6019001e+001
 -1.2391880e+002  4.6019018e+001
 -1.2391872e+002  4.6019032e+001
 -1.2391869e+002  4.6019039e+001
 -1.2391858e+002  4.6019072e+001
 -1.2391847e+002  4.6019138e+001
 -1.2391844e+002  4.6019156e+001
 -1.2391836e+002  4.6019230e+001
 -1.2391829e+002  4.6019280e+001
 -1.2391824e+002  4.6019330e+001
 -1.2391818e+002  4.6019405e+001
 -1.2391813e+002  4.6019517e+001
 -1.2391813e+002  4.6019529e+001
 -1.2391810e+002  4.6019653e+001
 -1.2391808e+002  4.6019777e+001
 -1.2391808e+002  4.6019901e+001
 -1.2391806e+002  4.6019991e+001
 -1.2391252e+002  4.6019991e+001
 -1.2391246e+002  4.6019943e+001
 -1.2391243e+002  4.6019901e+001
 -1.2391240e+002  4.6019777e+001
 -1.2391240e+002  4.6019653e+001
 -1.2391240e+002  4.6019529e+001
 -1.2391239e+002  4.6019405e+001
 -1.2391235e+002  4.6019288e+001
 -1.2391235e+002  4.6019280e+001
 -1.2391230e+002  4.6019156e+001
 -1.2391225e+002  4.6019032e+001
 -1.2391224e+002  4.6019000e+001
 -1.2391220e+002  4.6018908e+001
 -1.2391219e+002  4.6018783e+001
 -1.2391219e+002  4.6018659e+001
 -1.2391219e+002  4.6018535e+001
 -1.2391218e+002  4.6018411e+001
 -1.2391219e+002  4.6018287e+001
 -1.2391220e+002  4.6018162e+001
 -1.2391221e+002  4.6018038e+001
 -1.2391223e+002  4.6017914e+001
 -1.2391224e+002  4.6017894e+001
 -1.2391226e+002  4.6017790e+001
 -1.2391227e+002  4.6017666e+001
 -1.2391229e+002  4.6017541e+001
 -1.2391230e+002  4.6017417e+001
 -1.2391231e+002  4.6017293e+001
 -1.2391232e+002  4.6017169e+001
 -1.2391233e+002  4.6017045e+001
 -1.2391234e+002  4.6016920e+001
 -1.2391234e+002  4.6016796e+001
 -1.2391235e+002  4.6016700e+001
 -1.2391235e+002  4.6016672e+001
 -1.2391235e+002  4.6016548e+001
 -1.2391236e+002  4.6016424e+001
 -1.2391237e+002  4.6016299e+001
 -1.2391238e+002  4.6016175e+001
 -1.2391238e+002  4.6016051e+001
 -1.2391238e+002  4.6015927e+001
 -1.2391237e+002  4.6015802e+001
 -1.2391237e+002  4.6015678e+001
 -1.2391238e+002  4.6015554e+001
 -1.2391239e+002  4.6015430e+001
 -1.2391240e+002  4.6015306e+001
 -1.2391242e+002  4.6015181e+001
 -1.2391244e+002  4.6015057e+001
 -1.2391244e+002  4.6014933e+001
 -1.2391244e+002  4.6014809e+001
 -1.2391243e+002  4.6014685e+001
 -1.2391238e+002  4.6014560e+001
 -1.2391235e+002  4.6014474e+001
 -1.2391234e+002  4.6014436e+001
 -1.2391224e+002  4.6014312e+001
 -1.2391224e+002  4.6014310e+001
 -1.2391213e+002  4.6014261e+001
 -1.2391202e+002  4.6014231e+001
 -1.2391190e+002  4.6014207e+001
 -1.2391187e+002  4.6014188e+001
 -1.2391179e+002  4.6014153e+001
 -1.2391168e+002  4.6014114e+001
 -1.2391157e+002  4.6014092e+001
 -1.2391146e+002  4.6014064e+001
 -1.2391146e+002  4.6014063e+001
 -1.2391135e+002  4.6014030e+001
 -1.2391124e+002  4.6013990e+001
 -1.2391113e+002  4.6013942e+001
 -1.2391112e+002  4.6013939e+001
 -1.2391101e+002  4.6013885e+001
 -1.2391090e+002  4.6013831e+001
 -1.2391087e+002  4.6013815e+001
 -1.2391079e+002  4.6013750e+001
 -1.2391074e+002  4.6013691e+001
 -1.2391068e+002  4.6013607e+001
 -1.2391066e+002  4.6013567e+001
 -1.2391059e+002  4.6013443e+001
 -1.2391057e+002  4.6013398e+001
 -1.2391053e+002  4.6013318e+001
 -1.2391047e+002  4.6013194e+001
 -1.2391046e+002  4.6013173e+001
 -1.2391036e+002  4.6013070e+001
 -1.2391035e+002  4.6013058e+001
 -1.2391024e+002  4.6012998e+001
 -1.2391016e+002  4.6012946e+001
 -1.2391012e+002  4.6012919e+001
 -1.2391004e+002  4.6012821e+001
 -1.2391001e+002  4.6012774e+001
 -1.2390998e+002  4.6012697e+001
 -1.2390996e+002  4.6012573e+001
 -1.2390997e+002  4.6012449e+001
 -1.2390998e+002  4.6012325e+001
 -1.2391001e+002  4.6012200e+001
 -1.2391001e+002  4.6012191e+001
 -1.2391006e+002  4.6012076e+001
 -1.2391012e+002  4.6011975e+001
 -1.2391015e+002  4.6011952e+001
 -1.2391024e+002  4.6011887e+001
 -1.2391035e+002  4.6011925e+001
 -1.2391040e+002  4.6011952e+001
 -1.2391046e+002  4.6011983e+001
 -1.2391054e+002  4.6011952e+001
 -1.2391057e+002  4.6011941e+001
 -1.2391061e+002  4.6011828e+001
 -1.2391066e+002  4.6011704e+001
 -1.2391068e+002  4.6011594e+001
 -1.2391068e+002  4.6011579e+001
 -1.2391072e+002  4.6011455e+001
 -1.2391077e+002  4.6011331e+001
 -1.2391079e+002  4.6011227e+001
 -1.2391080e+002  4.6011207e+001
 -1.2391083e+002  4.6011083e+001
 -1.2391090e+002  4.6010963e+001
 -1.2391091e+002  4.6010958e+001
 -1.2391101e+002  4.6010834e+001
 -1.2391101e+002  4.6010832e+001
 -1.2391113e+002  4.6010742e+001
 -1.2391123e+002  4.6010710e+001
 -1.2391124e+002  4.6010709e+001
 -1.2391135e+002  4.6010701e+001
 -1.2391146e+002  4.6010697e+001
 -1.2391157e+002  4.6010696e+001
 -1.2391168e+002  4.6010696e+001
 -1.2391179e+002  4.6010688e+001
 -1.2391190e+002  4.6010676e+001
 -1.2391202e+002  4.6010669e+001
 -1.2391213e+002  4.6010661e+001
 -1.2391224e+002  4.6010649e+001
 -1.2391235e+002  4.6010613e+001
 -1.2391241e+002  4.6010586e+001
 -1.2391246e+002  4.6010557e+001
 -1.2391257e+002  4.6010498e+001
 -1.2391262e+002  4.6010461e+001
 -1.2391268e+002  4.6010409e+001
 -1.2391274e+002  4.6010337e+001
 -1.2391279e+002  4.6010284e+001
 -1.2391284e+002  4.6010213e+001
 -1.2391291e+002  4.6010138e+001
 -1.2391295e+002  4.6010089e+001
 -1.2391302e+002  4.6010045e+001
 -1.2391313e+002  4.6009969e+001
 -1.2391313e+002  4.6009965e+001
 -1.2391324e+002  4.6009898e+001
 -1.2391335e+002  4.6009840e+001
 -1.2391335e+002  4.6009840e+001
 -1.2391346e+002  4.6009794e+001
 -1.2391357e+002  4.6009761e+001
 -1.2391368e+002  4.6009741e+001
 -1.2391380e+002  4.6009729e+001
 -1.2391388e+002  4.6009716e+001
 -1.2391391e+002  4.6009708e+001
 -1.2391402e+002  4.6009592e+001
 -1.2391399e+002  4.6009468e+001
 -1.2391393e+002  4.6009344e+001
 -1.2391391e+002  4.6009300e+001
 -1.2391387e+002  4.6009219e+001
 -1.2391387e+002  4.6009095e+001
 -1.2391389e+002  4.6008971e+001
 -1.2391391e+002  4.6008937e+001
 -1.2391393e+002  4.6008847e+001
 -1.2391398e+002  4.6008723e+001
 -1.2391402e+002  4.6008641e+001
 -1.2391403e+002  4.6008598e+001
 -1.2391412e+002  4.6008474e+001
 -1.2391413e+002  4.6008471e+001
 -1.2391424e+002  4.6008409e+001
 -1.2391434e+002  4.6008350e+001
 -1.2391435e+002  4.6008344e+001
 -1.2391446e+002  4.6008284e+001
 -1.2391454e+002  4.6008226e+001
 -1.2391457e+002  4.6008194e+001
 -1.2391465e+002  4.6008102e+001
 -1.2391468e+002  4.6008051e+001
 -1.2391475e+002  4.6007977e+001
 -1.2391480e+002  4.6007922e+001
 -1.2391486e+002  4.6007853e+001
 -1.2391491e+002  4.6007795e+001
 -1.2391497e+002  4.6007729e+001
 -1.2391502e+002  4.6007693e+001
 -1.2391511e+002  4.6007605e+001
 -1.2391513e+002  4.6007587e+001
 -1.2391520e+002  4.6007480e+001
 -1.2391524e+002  4.6007438e+001
 -1.2391535e+002  4.6007413e+001
 -1.2391546e+002  4.6007435e+001
 -1.2391557e+002  4.6007477e+001
 -1.2391569e+002  4.6007465e+001
 -1.2391580e+002  4.6007396e+001
 -1.2391583e+002  4.6007356e+001
 -1.2391591e+002  4.6007296e+001
 -1.2391598e+002  4.6007232e+001
 -1.2391602e+002  4.6007221e+001
 -1.2391613e+002  4.6007178e+001
 -1.2391624e+002  4.6007151e+001
 -1.2391635e+002  4.6007122e+001
 -1.2391640e+002  4.6007108e+001
 -1.2391646e+002  4.6007087e+001
 -1.2391658e+002  4.6007058e+001
 -1.2391669e+002  4.6007055e+001
 -1.2391680e+002  4.6007082e+001
 -1.2391689e+002  4.6007108e+001
 -1.2391691e+002  4.6007114e+001
 -1.2391702e+002  4.6007133e+001
 -1.2391713e+002  4.6007147e+001
 -1.2391724e+002  4.6007156e+001
 -1.2391735e+002  4.6007151e+001
 -1.2391747e+002  4.6007138e+001
 -1.2391758e+002  4.6007138e+001
 -1.2391766e+002  4.6007108e+001
 -1.2391769e+002  4.6007099e+001
 -1.2391780e+002  4.6007002e+001
 -1.2391781e+002  4.6006984e+001
 -1.2391788e+002  4.6006859e+001
 -1.2391791e+002  4.6006832e+001
 -1.2391800e+002  4.6006735e+001
 -1.2391802e+002  4.6006716e+001
 -1.2391812e+002  4.6006611e+001
 -1.2391813e+002  4.6006596e+001
 -1.2391821e+002  4.6006487e+001
 -1.2391824e+002  4.6006433e+001
 -1.2391828e+002  4.6006363e+001
 -1.2391831e+002  4.6006238e+001
 -1.2391834e+002  4.6006114e+001
 -1.2391836e+002  4.6006072e+001
 -1.2391837e+002  4.6005990e+001
 -1.2391839e+002  4.6005866e+001
 -1.2391840e+002  4.6005742e+001
 -1.2391842e+002  4.6005617e+001
 -1.2391844e+002  4.6005493e+001
 -1.2391846e+002  4.6005369e+001
 -1.2391847e+002  4.6005344e+001
 -1.2391849e+002  4.6005245e+001
 -1.2391853e+002  4.6005121e+001
 -1.2391857e+002  4.6004996e+001
 -1.2391858e+002  4.6004991e+001
 -1.2391866e+002  4.6004872e+001
 -1.2391869e+002  4.6004842e+001
 -1.2391878e+002  4.6004748e+001
 -1.2391880e+002  4.6004721e+001
 -1.2391887e+002  4.6004624e+001
 -1.2391891e+002  4.6004576e+001
 -1.2391896e+002  4.6004499e+001
 -1.2391902e+002  4.6004387e+001
 -1.2391903e+002  4.6004375e+001
 -1.2391910e+002  4.6004251e+001
 -1.2391913e+002  4.6004192e+001
 -1.2391919e+002  4.6004127e+001
 -1.2391925e+002  4.6004083e+001
 -1.2391934e+002  4.6004003e+001
 -1.2391936e+002  4.6003990e+001
 -1.2391947e+002  4.6003881e+001
 -1.2391947e+002  4.6003878e+001
 -1.2391953e+002  4.6003754e+001
 -1.2391958e+002  4.6003667e+001
 -1.2391960e+002  4.6003630e+001
 -1.2391969e+002  4.6003517e+001
 -1.2391970e+002  4.6003506e+001
 -1.2391980e+002  4.6003397e+001
 -1.2391982e+002  4.6003382e+001
 -1.2391988e+002  4.6003257e+001
 -1.2391991e+002  4.6003181e+001
 -1.2391993e+002  4.6003133e+001
 -1.2391999e+002  4.6003009e+001
 -1.2392002e+002  4.6002945e+001
 -1.2392005e+002  4.6002885e+001
 -1.2392011e+002  4.6002761e+001
 -1.2392013e+002  4.6002661e+001
 -1.2392014e+002  4.6002636e+001
 -1.2392018e+002  4.6002512e+001
 -1.2392023e+002  4.6002388e+001
 -1.2392025e+002  4.6002343e+001
 -1.2392029e+002  4.6002264e+001
 -1.2392036e+002  4.6002140e+001
 -1.2392036e+002  4.6002139e+001
 -1.2392041e+002  4.6002015e+001
 -1.2392046e+002  4.6001891e+001
 -1.2392047e+002  4.6001858e+001
 -1.2392050e+002  4.6001767e+001
 -1.2392057e+002  4.6001643e+001
 -1.2392058e+002  4.6001634e+001
 -1.2392069e+002  4.6001519e+001
 -1.2392069e+002  4.6001518e+001
 -1.2392080e+002  4.6001395e+001
 -1.2392080e+002  4.6001394e+001
 -1.2392091e+002  4.6001340e+001
 -1.2392102e+002  4.6001277e+001
 -1.2392103e+002  4.6001270e+001
 -1.2392114e+002  4.6001176e+001
 -1.2392115e+002  4.6001146e+001
 -1.2392118e+002  4.6001022e+001
 -1.2392120e+002  4.6000897e+001
 -1.2392122e+002  4.6000773e+001
 -1.2392123e+002  4.6000649e+001
 -1.2392124e+002  4.6000525e+001
 -1.2392125e+002  4.6000471e+001
 -1.2392125e+002  4.6000401e+001
 -1.2392126e+002  4.6000276e+001
 -1.2392128e+002  4.6000152e+001
 -1.2392130e+002  4.6000028e+001
 -1.2392132e+002  4.5999904e+001
 -1.2392134e+002  4.5999780e+001
 -1.2392135e+002  4.5999655e+001
 -1.2392136e+002  4.5999531e+001
 -1.2392136e+002  4.5999493e+001
 -1.2392136e+002  4.5999407e+001
 -1.2392138e+002  4.5999283e+001
 -1.2392141e+002  4.5999158e+001
 -1.2392147e+002  4.5999056e+001
 -1.2392148e+002  4.5999034e+001
 -1.2392154e+002  4.5998910e+001
 -1.2392158e+002  4.5998831e+001
 -1.2392160e+002  4.5998786e+001
 -1.2392165e+002  4.5998662e+001
 -1.2392169e+002  4.5998541e+001
 -1.2392169e+002  4.5998537e+001
 -1.2392172e+002  4.5998413e+001
 -1.2392175e+002  4.5998289e+001
 -1.2392177e+002  4.5998165e+001
 -1.2392180e+002  4.5998050e+001
 -1.2392181e+002  4.5998041e+001
 -1.2392184e+002  4.5997916e+001
 -1.2392190e+002  4.5997792e+001
 -1.2392191e+002  4.5997773e+001
 -1.2392201e+002  4.5997668e+001
 -1.2392203e+002  4.5997650e+001
 -1.2392209e+002  4.5997544e+001
 -1.2392214e+002  4.5997455e+001
 -1.2392215e+002  4.5997420e+001
 -1.2392222e+002  4.5997295e+001
 -1.2392225e+002  4.5997254e+001
 -1.2392229e+002  4.5997171e+001
 -1.2392236e+002  4.5997049e+001
 -1.2392236e+002  4.5997047e+001
 -1.2392244e+002  4.5996923e+001
 -1.2392247e+002  4.5996866e+001
 -1.2392251e+002  4.5996799e+001
 -1.2392258e+002  4.5996674e+001
 -1.2392258e+002  4.5996673e+001
 -1.2392266e+002  4.5996550e+001
 -1.2392269e+002  4.5996511e+001
 -1.2392276e+002  4.5996426e+001
 -1.2392279e+002  4.5996302e+001
 -1.2392280e+002  4.5996266e+001
 -1.2392282e+002  4.5996177e+001
 -1.2392285e+002  4.5996053e+001
 -1.2392287e+002  4.5995929e+001
 -1.2392290e+002  4.5995805e+001
 -1.2392292e+002  4.5995765e+001
 -1.2392295e+002  4.5995681e+001
 -1.2392302e+002  4.5995556e+001
 -1.2392303e+002  4.5995536e+001
 -1.2392307e+002  4.5995432e+001
 -1.2392312e+002  4.5995308e+001
 -1.2392314e+002  4.5995267e+001
 -1.2392317e+002  4.5995184e+001
 -1.2392324e+002  4.5995060e+001
 -1.2392325e+002  4.5995024e+001
 -1.2392327e+002  4.5994935e+001
 -1.2392329e+002  4.5994811e+001
 -1.2392332e+002  4.5994687e+001
 -1.2392330e+002  4.5994563e+001
 -1.2392329e+002  4.5994439e+001
 -1.2392330e+002  4.5994314e+001
 -1.2392333e+002  4.5994190e+001
 -1.2392336e+002  4.5994083e+001
 -1.2392336e+002  4.5994066e+001
 -1.2392339e+002  4.5993942e+001
 -1.2392340e+002  4.5993817e+001
 -1.2392341e+002  4.5993693e+001
 -1.2392343e+002  4.5993569e+001
 -1.2392346e+002  4.5993445e+001
 -1.2392347e+002  4.5993384e+001
 -1.2392348e+002  4.5993321e+001
 -1.2392352e+002  4.5993196e+001
 -1.2392358e+002  4.5993073e+001
 -1.2392358e+002  4.5993072e+001
 -1.2392362e+002  4.5992948e+001
 -1.2392366e+002  4.5992824e+001
 -1.2392368e+002  4.5992700e+001
 -1.2392369e+002  4.5992594e+001
 -1.2392370e+002  4.5992575e+001
 -1.2392372e+002  4.5992451e+001
 -1.2392375e+002  4.5992327e+001
 -1.2392380e+002  4.5992203e+001
 -1.2392381e+002  4.5992169e+001
 -1.2392383e+002  4.5992079e+001
 -1.2392387e+002  4.5991954e+001
 -1.2392392e+002  4.5991868e+001
 -1.2392394e+002  4.5991830e+001
 -1.2392402e+002  4.5991706e+001
 -1.2392403e+002  4.5991678e+001
 -1.2392410e+002  4.5991582e+001
 -1.2392414e+002  4.5991492e+001
 -1.2392422e+002  4.5991458e+001
 -1.2392420e+002  4.5991333e+001
 -1.2392414e+002  4.5991265e+001
 -1.2392413e+002  4.5991209e+001
 -1.2392410e+002  4.5991085e+001
 -1.2392409e+002  4.5990961e+001
 -1.2392409e+002  4.5990836e+001
 -1.2392414e+002  4.5990712e+001
 -1.2392414e+002  4.5990708e+001
 -1.2392425e+002  4.5990611e+001
 -1.2392436e+002  4.5990602e+001
 -1.2392447e+002  4.5990636e+001
 -1.2392456e+002  4.5990588e+001
 -1.2392453e+002  4.5990464e+001
 -1.2392453e+002  4.5990340e+001
 -1.2392455e+002  4.5990215e+001
 -1.2392458e+002  4.5990133e+001
 -1.2392461e+002  4.5990091e+001
 -1.2392470e+002  4.5989979e+001
 -1.2392472e+002  4.5989967e+001
 -1.2392481e+002  4.5989868e+001
 -1.2392492e+002  4.5989850e+001
 -1.2392499e+002  4.5989967e+001
 -1.2392503e+002  4.5989998e+001
 -1.2392514e+002  4.5990060e+001
 -1.2392520e+002  4.5990091e+001
 -1.2392525e+002  4.5990110e+001
 -1.2392536e+002  4.5990192e+001
 -1.2392538e+002  4.5990215e+001
 -1.2392547e+002  4.5990289e+001
 -1.2392558e+002  4.5990331e+001
 -1.2392565e+002  4.5990215e+001
 -1.2392562e+002  4.5990091e+001
 -1.2392561e+002  4.5989967e+001
 -1.2392562e+002  4.5989843e+001
 -1.2392570e+002  4.5989720e+001
 -1.2392581e+002  4.5989725e+001
 -1.2392582e+002  4.5989843e+001
 -1.2392585e+002  4.5989967e+001
 -1.2392584e+002  4.5990091e+001
 -1.2392584e+002  4.5990215e+001
 -1.2392581e+002  4.5990289e+001
 -1.2392570e+002  4.5990340e+001
 -1.2392570e+002  4.5990341e+001
 -1.2392565e+002  4.5990464e+001
 -1.2392565e+002  4.5990588e+001
 -1.2392560e+002  4.5990712e+001
 -1.2392558e+002  4.5990773e+001
 -1.2392554e+002  4.5990836e+001
 -1.2392547e+002  4.5990875e+001
 -1.2392540e+002  4.5990961e+001
 -1.2392536e+002  4.5991034e+001
 -1.2392534e+002  4.5991085e+001
 -1.2392525e+002  4.5991149e+001
 -1.2392515e+002  4.5991085e+001
 -1.2392514e+002  4.5990986e+001
 -1.2392514e+002  4.5990961e+001
 -1.2392514e+002  4.5990841e+001
 -1.2392514e+002  4.5990836e+001
 -1.2392514e+002  4.5990712e+001
 -1.2392515e+002  4.5990588e+001
 -1.2392514e+002  4.5990578e+001
 -1.2392503e+002  4.5990504e+001
 -1.2392492e+002  4.5990534e+001
 -1.2392481e+002  4.5990583e+001
 -1.2392478e+002  4.5990588e+001
 -1.2392474e+002  4.5990712e+001
 -1.2392474e+002  4.5990836e+001
 -1.2392470e+002  4.5990894e+001
 -1.2392458e+002  4.5990883e+001
 -1.2392447e+002  4.5990873e+001
 -1.2392440e+002  4.5990961e+001
 -1.2392436e+002  4.5991009e+001
 -1.2392432e+002  4.5991085e+001
 -1.2392430e+002  4.5991209e+001
 -1.2392428e+002  4.5991333e+001
 -1.2392427e+002  4.5991458e+001
 -1.2392430e+002  4.5991582e+001
 -1.2392435e+002  4.5991706e+001
 -1.2392436e+002  4.5991721e+001
 -1.2392446e+002  4.5991830e+001
 -1.2392447e+002  4.5991846e+001
 -1.2392449e+002  4.5991830e+001
 -1.2392458e+002  4.5991773e+001
 -1.2392470e+002  4.5991731e+001
 -1.2392481e+002  4.5991708e+001
 -1.2392492e+002  4.5991794e+001
 -1.2392493e+002  4.5991830e+001
 -1.2392495e+002  4.5991954e+001
 -1.2392495e+002  4.5992079e+001
 -1.2392495e+002  4.5992203e+001
 -1.2392498e+002  4.5992327e+001
 -1.2392501e+002  4.5992451e+001
 -1.2392503e+002  4.5992512e+001
 -1.2392507e+002  4.5992575e+001
 -1.2392512e+002  4.5992700e+001
 -1.2392514e+002  4.5992816e+001
 -1.2392514e+002  4.5992824e+001
 -1.2392519e+002  4.5992948e+001
 -1.2392521e+002  4.5993072e+001
 -1.2392524e+002  4.5993196e+001
 -1.2392525e+002  4.5993257e+001
 -1.2392531e+002  4.5993196e+001
 -1.2392536e+002  4.5993091e+001
 -1.2392536e+002  4.5993072e+001
 -1.2392536e+002  4.5993048e+001
 -1.2392535e+002  4.5992948e+001
 -1.2392535e+002  4.5992824e+001
 -1.2392533e+002  4.5992700e+001
 -1.2392533e+002  4.5992575e+001
 -1.2392534e+002  4.5992451e+001
 -1.2392534e+002  4.5992327e+001
 -1.2392536e+002  4.5992203e+001
 -1.2392536e+002  4.5992179e+001
 -1.2392539e+002  4.5992079e+001
 -1.2392543e+002  4.5991954e+001
 -1.2392547e+002  4.5991855e+001
 -1.2392549e+002  4.5991830e+001
 -1.2392555e+002  4.5991706e+001
 -1.2392558e+002  4.5991652e+001
 -1.2392564e+002  4.5991582e+001
 -1.2392569e+002  4.5991458e+001
 -1.2392570e+002  4.5991454e+001
 -1.2392573e+002  4.5991333e+001
 -1.2392579e+002  4.5991209e+001
 -1.2392581e+002  4.5991157e+001
 -1.2392590e+002  4.5991085e+001
 -1.2392592e+002  4.5991073e+001
 -1.2392603e+002  4.5990996e+001
 -1.2392606e+002  4.5990961e+001
 -1.2392611e+002  4.5990836e+001
 -1.2392614e+002  4.5990790e+001
 -1.2392623e+002  4.5990712e+001
 -1.2392625e+002  4.5990677e+001
 -1.2392629e+002  4.5990588e+001
 -1.2392633e+002  4.5990464e+001
 -1.2392635e+002  4.5990340e+001
 -1.2392634e+002  4.5990215e+001
 -1.2392636e+002  4.5990156e+001
 -1.2392642e+002  4.5990091e+001
 -1.2392647e+002  4.5989992e+001
 -1.2392649e+002  4.5989967e+001
 -1.2392655e+002  4.5989843e+001
 -1.2392659e+002  4.5989728e+001
 -1.2392659e+002  4.5989719e+001
 -1.2392664e+002  4.5989594e+001
 -1.2392669e+002  4.5989470e+001
 -1.2392670e+002  4.5989465e+001
 -1.2392678e+002  4.5989346e+001
 -1.2392681e+002  4.5989271e+001
 -1.2392683e+002  4.5989222e+001
 -1.2392686e+002  4.5989098e+001
 -1.2392688e+002  4.5988973e+001
 -1.2392689e+002  4.5988849e+001
 -1.2392692e+002  4.5988764e+001
 -1.2392696e+002  4.5988725e+001
 -1.2392703e+002  4.5988622e+001
 -1.2392705e+002  4.5988601e+001
 -1.2392712e+002  4.5988477e+001
 -1.2392714e+002  4.5988366e+001
 -1.2392714e+002  4.5988352e+001
 -1.2392715e+002  4.5988228e+001
 -1.2392714e+002  4.5988154e+001
 -1.2392714e+002  4.5988104e+001
 -1.2392714e+002  4.5987980e+001
 -1.2392713e+002  4.5987855e+001
 -1.2392712e+002  4.5987731e+001
 -1.2392713e+002  4.5987607e+001
 -1.2392714e+002  4.5987483e+001
 -1.2392714e+002  4.5987441e+001
 -1.2392716e+002  4.5987359e+001
 -1.2392720e+002  4.5987234e+001
 -1.2392716e+002  4.5987110e+001
 -1.2392714e+002  4.5987057e+001
 -1.2392703e+002  4.5987011e+001
 -1.2392702e+002  4.5986986e+001
 -1.2392703e+002  4.5986897e+001
 -1.2392704e+002  4.5986862e+001
 -1.2392703e+002  4.5986738e+001
 -1.2392703e+002  4.5986730e+001
 -1.2392701e+002  4.5986613e+001
 -1.2392703e+002  4.5986489e+001
 -1.2392703e+002  4.5986439e+001
 -1.2392704e+002  4.5986365e+001
 -1.2392704e+002  4.5986241e+001
 -1.2392704e+002  4.5986117e+001
 -1.2392703e+002  4.5985998e+001
 -1.2392703e+002  4.5985992e+001
 -1.2392701e+002  4.5985868e+001
 -1.2392699e+002  4.5985744e+001
 -1.2392696e+002  4.5985620e+001
 -1.2392692e+002  4.5985540e+001
 -1.2392691e+002  4.5985495e+001
 -1.2392689e+002  4.5985371e+001
 -1.2392686e+002  4.5985247e+001
 -1.2392683e+002  4.5985123e+001
 -1.2392681e+002  4.5985046e+001
 -1.2392680e+002  4.5984999e+001
 -1.2392679e+002  4.5984874e+001
 -1.2392679e+002  4.5984750e+001
 -1.2392679e+002  4.5984626e+001
 -1.2392678e+002  4.5984502e+001
 -1.2392678e+002  4.5984378e+001
 -1.2392679e+002  4.5984253e+001
 -1.2392678e+002  4.5984129e+001
 -1.2392671e+002  4.5984005e+001
 -1.2392670e+002  4.5983993e+001
 -1.2392659e+002  4.5983985e+001
 -1.2392648e+002  4.5984005e+001
 -1.2392647e+002  4.5984006e+001
 -1.2392636e+002  4.5984042e+001
 -1.2392628e+002  4.5984129e+001
 -1.2392626e+002  4.5984253e+001
 -1.2392625e+002  4.5984340e+001
 -1.2392625e+002  4.5984378e+001
 -1.2392625e+002  4.5984502e+001
 -1.2392622e+002  4.5984626e+001
 -1.2392620e+002  4.5984750e+001
 -1.2392619e+002  4.5984874e+001
 -1.2392620e+002  4.5984999e+001
 -1.2392619e+002  4.5985123e+001
 -1.2392619e+002  4.5985247e+001
 -1.2392621e+002  4.5985371e+001
 -1.2392624e+002  4.5985495e+001
 -1.2392625e+002  4.5985620e+001
 -1.2392625e+002  4.5985744e+001
 -1.2392625e+002  4.5985790e+001
 -1.2392626e+002  4.5985868e+001
 -1.2392629e+002  4.5985992e+001
 -1.2392633e+002  4.5986117e+001
 -1.2392631e+002  4.5986241e+001
 -1.2392628e+002  4.5986365e+001
 -1.2392625e+002  4.5986447e+001
 -1.2392620e+002  4.5986489e+001
 -1.2392614e+002  4.5986553e+001
 -1.2392608e+002  4.5986489e+001
 -1.2392603e+002  4.5986453e+001
 -1.2392597e+002  4.5986365e+001
 -1.2392592e+002  4.5986273e+001
 -1.2392588e+002  4.5986241e+001
 -1.2392583e+002  4.5986117e+001
 -1.2392581e+002  4.5986097e+001
 -1.2392579e+002  4.5986117e+001
 -1.2392577e+002  4.5986241e+001
 -1.2392574e+002  4.5986365e+001
 -1.2392572e+002  4.5986489e+001
 -1.2392570e+002  4.5986605e+001
 -1.2392569e+002  4.5986613e+001
 -1.2392568e+002  4.5986738e+001
 -1.2392566e+002  4.5986862e+001
 -1.2392567e+002  4.5986986e+001
 -1.2392567e+002  4.5987110e+001
 -1.2392566e+002  4.5987234e+001
 -1.2392558e+002  4.5987287e+001
 -1.2392547e+002  4.5987262e+001
 -1.2392543e+002  4.5987234e+001
 -1.2392540e+002  4.5987110e+001
 -1.2392540e+002  4.5986986e+001
 -1.2392538e+002  4.5986862e+001
 -1.2392538e+002  4.5986738e+001
 -1.2392538e+002  4.5986613e+001
 -1.2392536e+002  4.5986540e+001
 -1.2392533e+002  4.5986489e+001
 -1.2392526e+002  4.5986365e+001
 -1.2392525e+002  4.5986363e+001
 -1.2392525e+002  4.5986365e+001
 -1.2392523e+002  4.5986489e+001
 -1.2392520e+002  4.5986613e+001
 -1.2392523e+002  4.5986738e+001
 -1.2392524e+002  4.5986862e+001
 -1.2392522e+002  4.5986986e+001
 -1.2392524e+002  4.5987110e+001
 -1.2392520e+002  4.5987234e+001
 -1.2392514e+002  4.5987297e+001
 -1.2392503e+002  4.5987269e+001
 -1.2392500e+002  4.5987234e+001
 -1.2392495e+002  4.5987110e+001
 -1.2392492e+002  4.5987043e+001
 -1.2392490e+002  4.5986986e+001
 -1.2392486e+002  4.5986862e+001
 -1.2392481e+002  4.5986738e+001
 -1.2392481e+002  4.5986733e+001
 -1.2392476e+002  4.5986613e+001
 -1.2392473e+002  4.5986489e+001
 -1.2392470e+002  4.5986395e+001
 -1.2392468e+002  4.5986365e+001
 -1.2392461e+002  4.5986241e+001
 -1.2392458e+002  4.5986215e+001
 -1.2392447e+002  4.5986170e+001
 -1.2392442e+002  4.5986117e+001
 -1.2392440e+002  4.5985992e+001
 -1.2392440e+002  4.5985868e+001
 -1.2392443e+002  4.5985744e+001
 -1.2392446e+002  4.5985620e+001
 -1.2392447e+002  4.5985589e+001
 -1.2392450e+002  4.5985495e+001
 -1.2392452e+002  4.5985371e+001
 -1.2392456e+002  4.5985247e+001
 -1.2392458e+002  4.5985204e+001
 -1.2392464e+002  4.5985123e+001
 -1.2392470e+002  4.5985072e+001
 -1.2392481e+002  4.5985001e+001
 -1.2392481e+002  4.5984999e+001
 -1.2392492e+002  4.5984925e+001
 -1.2392499e+002  4.5984874e+001
 -1.2392503e+002  4.5984847e+001
 -1.2392514e+002  4.5984772e+001
 -1.2392517e+002  4.5984750e+001
 -1.2392522e+002  4.5984626e+001
 -1.2392522e+002  4.5984502e+001
 -1.2392525e+002  4.5984421e+001
 -1.2392528e+002  4.5984378e+001
 -1.2392535e+002  4.5984253e+001
 -1.2392536e+002  4.5984229e+001
 -1.2392542e+002  4.5984129e+001
 -1.2392547e+002  4.5984084e+001
 -1.2392555e+002  4.5984005e+001
 -1.2392558e+002  4.5983982e+001
 -1.2392566e+002  4.5983881e+001
 -1.2392570e+002  4.5983817e+001
 -1.2392575e+002  4.5983757e+001
 -1.2392581e+002  4.5983712e+001
 -1.2392592e+002  4.5983659e+001
 -1.2392597e+002  4.5983632e+001
 -1.2392603e+002  4.5983565e+001
 -1.2392606e+002  4.5983508e+001
 -1.2392613e+002  4.5983384e+001
 -1.2392614e+002  4.5983302e+001
 -1.2392615e+002  4.5983260e+001
 -1.2392617e+002  4.5983136e+001
 -1.2392620e+002  4.5983011e+001
 -1.2392623e+002  4.5982887e+001
 -1.2392625e+002  4.5982814e+001
 -1.2392627e+002  4.5982763e+001
 -1.2392630e+002  4.5982639e+001
 -1.2392634e+002  4.5982514e+001
 -1.2392636e+002  4.5982473e+001
 -1.2392642e+002  4.5982390e+001
 -1.2392647e+002  4.5982300e+001
 -1.2392650e+002  4.5982266e+001
 -1.2392654e+002  4.5982142e+001
 -1.2392658e+002  4.5982018e+001
 -1.2392659e+002  4.5981999e+001
 -1.2392662e+002  4.5981893e+001
 -1.2392668e+002  4.5981769e+001
 -1.2392670e+002  4.5981736e+001
 -1.2392673e+002  4.5981645e+001
 -1.2392674e+002  4.5981521e+001
 -1.2392677e+002  4.5981397e+001
 -1.2392681e+002  4.5981292e+001
 -1.2392682e+002  4.5981272e+001
 -1.2392692e+002  4.5981148e+001
 -1.2392692e+002  4.5981148e+001
 -1.2392697e+002  4.5981024e+001
 -1.2392699e+002  4.5980900e+001
 -1.2392700e+002  4.5980776e+001
 -1.2392702e+002  4.5980651e+001
 -1.2392703e+002  4.5980527e+001
 -1.2392701e+002  4.5980403e+001
 -1.2392699e+002  4.5980279e+001
 -1.2392697e+002  4.5980155e+001
 -1.2392696e+002  4.5980030e+001
 -1.2392697e+002  4.5979906e+001
 -1.2392698e+002  4.5979782e+001
 -1.2392695e+002  4.5979658e+001
 -1.2392692e+002  4.5979598e+001
 -1.2392690e+002  4.5979533e+001
 -1.2392686e+002  4.5979409e+001
 -1.2392688e+002  4.5979285e+001
 -1.2392689e+002  4.5979161e+001
 -1.2392687e+002  4.5979037e+001
 -1.2392685e+002  4.5978912e+001
 -1.2392686e+002  4.5978788e+001
 -1.2392689e+002  4.5978664e+001
 -1.2392692e+002  4.5978559e+001
 -1.2392693e+002  4.5978540e+001
 -1.2392696e+002  4.5978416e+001
 -1.2392700e+002  4.5978291e+001
 -1.2392702e+002  4.5978167e+001
 -1.2392703e+002  4.5978154e+001
 -1.2392709e+002  4.5978043e+001
 -1.2392714e+002  4.5977991e+001
 -1.2392722e+002  4.5977919e+001
 -1.2392725e+002  4.5977891e+001
 -1.2392733e+002  4.5977795e+001
 -1.2392736e+002  4.5977746e+001
 -1.2392742e+002  4.5977670e+001
 -1.2392748e+002  4.5977603e+001
 -1.2392753e+002  4.5977546e+001
 -1.2392759e+002  4.5977491e+001
 -1.2392767e+002  4.5977422e+001
 -1.2392770e+002  4.5977396e+001
 -1.2392781e+002  4.5977304e+001
 -1.2392782e+002  4.5977298e+001
 -1.2392792e+002  4.5977173e+001
 -1.2392792e+002  4.5977168e+001
 -1.2392801e+002  4.5977049e+001
 -1.2392803e+002  4.5977022e+001
 -1.2392813e+002  4.5976925e+001
 -1.2392814e+002  4.5976903e+001
 -1.2392820e+002  4.5976801e+001
 -1.2392820e+002  4.5976677e+001
 -1.2392815e+002  4.5976552e+001
 -1.2392814e+002  4.5976548e+001
 -1.2392803e+002  4.5976429e+001
 -1.2392803e+002  4.5976428e+001
 -1.2392792e+002  4.5976304e+001
 -1.2392792e+002  4.5976302e+001
 -1.2392781e+002  4.5976236e+001
 -1.2392770e+002  4.5976204e+001
 -1.2392759e+002  4.5976191e+001
 -1.2392748e+002  4.5976204e+001
 -1.2392736e+002  4.5976248e+001
 -1.2392725e+002  4.5976283e+001
 -1.2392714e+002  4.5976298e+001
 -1.2392703e+002  4.5976287e+001
 -1.2392692e+002  4.5976233e+001
 -1.2392688e+002  4.5976180e+001
 -1.2392683e+002  4.5976056e+001
 -1.2392683e+002  4.5975931e+001
 -1.2392684e+002  4.5975807e+001
 -1.2392688e+002  4.5975683e+001
 -1.2392692e+002  4.5975562e+001
 -1.2392692e+002  4.5975559e+001
 -1.2392700e+002  4.5975435e+001
 -1.2392703e+002  4.5975384e+001
 -1.2392707e+002  4.5975310e+001
 -1.2392713e+002  4.5975186e+001
 -1.2392714e+002  4.5975155e+001
 -1.2392719e+002  4.5975062e+001
 -1.2392724e+002  4.5974938e+001
 -1.2392725e+002  4.5974914e+001
 -1.2392729e+002  4.5974814e+001
 -1.2392731e+002  4.5974689e+001
 -1.2392731e+002  4.5974565e+001
 -1.2392728e+002  4.5974441e+001
 -1.2392725e+002  4.5974401e+001
 -1.2392718e+002  4.5974317e+001
 -1.2392714e+002  4.5974267e+001
 -1.2392709e+002  4.5974192e+001
 -1.2392703e+002  4.5974122e+001
 -1.2392699e+002  4.5974068e+001
 -1.2392692e+002  4.5973982e+001
 -1.2392689e+002  4.5973944e+001
 -1.2392682e+002  4.5973820e+001
 -1.2392681e+002  4.5973780e+001
 -1.2392677e+002  4.5973696e+001
 -1.2392677e+002  4.5973571e+001
 -1.2392681e+002  4.5973529e+001
 -1.2392689e+002  4.5973447e+001
 -1.2392692e+002  4.5973424e+001
 -1.2392703e+002  4.5973331e+001
 -1.2392704e+002  4.5973323e+001
 -1.2392714e+002  4.5973210e+001
 -1.2392715e+002  4.5973199e+001
 -1.2392725e+002  4.5973082e+001
 -1.2392726e+002  4.5973075e+001
 -1.2392730e+002  4.5972950e+001
 -1.2392732e+002  4.5972826e+001
 -1.2392735e+002  4.5972702e+001
 -1.2392736e+002  4.5972658e+001
 -1.2392740e+002  4.5972578e+001
 -1.2392746e+002  4.5972454e+001
 -1.2392748e+002  4.5972433e+001
 -1.2392759e+002  4.5972336e+001
 -1.2392760e+002  4.5972329e+001
 -1.2392770e+002  4.5972271e+001
 -1.2392781e+002  4.5972225e+001
 -1.2392784e+002  4.5972205e+001
 -1.2392792e+002  4.5972148e+001
 -1.2392803e+002  4.5972086e+001
 -1.2392805e+002  4.5972081e+001
 -1.2392814e+002  4.5972044e+001
 -1.2392825e+002  4.5972006e+001
 -1.2392828e+002  4.5971998e+001
 -1.2393572e+002  4.5971998e+001
 -1.2393574e+002  4.5972081e+001
 -1.2393580e+002  4.5972205e+001
 -1.2393582e+002  4.5972218e+001
 -1.2393593e+002  4.5972274e+001
 -1.2393604e+002  4.5972293e+001
 -1.2393615e+002  4.5972292e+001
 -1.2393626e+002  4.5972284e+001
 -1.2393637e+002  4.5972258e+001
 -1.2393648e+002  4.5972215e+001
 -1.2393651e+002  4.5972205e+001
 -1.2393660e+002  4.5972184e+001
 -1.2393671e+002  4.5972178e+001
 -1.2393677e+002  4.5972205e+001
 -1.2393682e+002  4.5972228e+001
 -1.2393693e+002  4.5972285e+001
 -1.2393701e+002  4.5972329e+001
 -1.2393704e+002  4.5972351e+001
 -1.2393715e+002  4.5972419e+001
 -1.2393722e+002  4.5972454e+001
 -1.2393726e+002  4.5972506e+001
 -1.2393730e+002  4.5972578e+001
 -1.2393737e+002  4.5972702e+001
 -1.2393737e+002  4.5972711e+001
 -1.2393747e+002  4.5972826e+001
 -1.2393749e+002  4.5972835e+001
 -1.2393760e+002  4.5972866e+001
 -1.2393771e+002  4.5972882e+001
 -1.2393782e+002  4.5972901e+001
 -1.2393793e+002  4.5972937e+001
 -1.2393797e+002  4.5972950e+001
 -1.2393804e+002  4.5972969e+001
 -1.2393815e+002  4.5972992e+001
 -1.2393826e+002  4.5973024e+001
 -1.2393836e+002  4.5973075e+001
 -1.2393838e+002  4.5973084e+001
 -1.2393849e+002  4.5973194e+001
 -1.2393849e+002  4.5973199e+001
 -1.2393856e+002  4.5973323e+001
 -1.2393860e+002  4.5973431e+001
 -1.2393861e+002  4.5973447e+001
 -1.2393863e+002  4.5973571e+001
 -1.2393866e+002  4.5973696e+001
 -1.2393867e+002  4.5973820e+001
 -1.2393867e+002  4.5973944e+001
 -1.2393867e+002  4.5974068e+001
 -1.2393871e+002  4.5974183e+001
 -1.2393871e+002  4.5974192e+001
 -1.2393882e+002  4.5974271e+001
 -1.2393890e+002  4.5974317e+001
 -1.2393893e+002  4.5974332e+001
 -1.2393904e+002  4.5974338e+001
 -1.2393915e+002  4.5974320e+001
 -1.2393918e+002  4.5974317e+001
 -1.2393927e+002  4.5974295e+001
 -1.2393938e+002  4.5974272e+001
 -1.2393949e+002  4.5974250e+001
 -1.2393960e+002  4.5974223e+001
 -1.2393971e+002  4.5974196e+001
 -1.2393974e+002  4.5974192e+001
 -1.2393982e+002  4.5974177e+001
 -1.2393993e+002  4.5974153e+001
 -1.2394004e+002  4.5974119e+001
 -1.2394014e+002  4.5974068e+001
 -1.2394016e+002  4.5974055e+001
 -1.2394025e+002  4.5973944e+001
 -1.2394027e+002  4.5973923e+001
 -1.2394038e+002  4.5973820e+001
 -1.2394038e+002  4.5973819e+001
 -1.2394049e+002  4.5973719e+001
 -1.2394051e+002  4.5973696e+001
 -1.2394060e+002  4.5973630e+001
 -1.2394067e+002  4.5973571e+001
 -1.2394071e+002  4.5973544e+001
 -1.2394082e+002  4.5973494e+001
 -1.2394093e+002  4.5973471e+001
 -1.2394105e+002  4.5973452e+001
 -1.2394107e+002  4.5973447e+001
 -1.2394116e+002  4.5973433e+001
 -1.2394127e+002  4.5973401e+001
 -1.2394138e+002  4.5973374e+001
 -1.2394149e+002  4.5973353e+001
 -1.2394160e+002  4.5973346e+001
 -1.2394171e+002  4.5973352e+001
 -1.2394182e+002  4.5973348e+001
 -1.2394193e+002  4.5973351e+001
 -1.2394205e+002  4.5973353e+001
 -1.2394216e+002  4.5973364e+001
 -1.2394227e+002  4.5973377e+001
 -1.2394238e+002  4.5973370e+001
 -1.2394249e+002  4.5973361e+001
 -1.2394260e+002  4.5973333e+001
 -1.2394265e+002  4.5973323e+001
 -1.2394271e+002  4.5973303e+001
 -1.2394282e+002  4.5973296e+001
 -1.2394294e+002  4.5973314e+001
 -1.2394296e+002  4.5973323e+001
 -1.2394305e+002  4.5973348e+001
 -1.2394316e+002  4.5973379e+001
 -1.2394327e+002  4.5973430e+001
 -1.2394330e+002  4.5973447e+001
 -1.2394338e+002  4.5973497e+001
 -1.2394344e+002  4.5973571e+001
 -1.2394347e+002  4.5973696e+001
 -1.2394348e+002  4.5973820e+001
 -1.2394347e+002  4.5973944e+001
 -1.2394347e+002  4.5974068e+001
 -1.2394348e+002  4.5974192e+001
 -1.2394349e+002  4.5974313e+001
 -1.2394349e+002  4.5974317e+001
 -1.2394356e+002  4.5974441e+001
 -1.2394360e+002  4.5974480e+001
 -1.2394371e+002  4.5974522e+001
 -1.2394383e+002  4.5974547e+001
 -1.2394391e+002  4.5974565e+001
 -1.2394394e+002  4.5974569e+001
 -1.2394405e+002  4.5974582e+001
 -1.2394416e+002  4.5974599e+001
 -1.2394427e+002  4.5974607e+001
 -1.2394438e+002  4.5974623e+001
 -1.2394449e+002  4.5974661e+001
 -1.2394456e+002  4.5974689e+001
 -1.2394460e+002  4.5974699e+001
 -1.2394472e+002  4.5974726e+001
 -1.2394483e+002  4.5974729e+001
 -1.2394494e+002  4.5974737e+001
 -1.2394505e+002  4.5974754e+001
 -1.2394516e+002  4.5974765e+001
 -1.2394527e+002  4.5974786e+001
 -1.2394538e+002  4.5974801e+001
 -1.2394544e+002  4.5974814e+001
 -1.2394549e+002  4.5974820e+001
 -1.2394550e+002  4.5974821e+001
