 -1.2392586e+002  4.6019991e+001
 -1.2392581e+002  4.6019962e+001
 -1.2392575e+002  4.6019901e+001
 -1.2392572e+002  4.6019777e+001
 -1.2392571e+002  4.6019653e+001
 -1.2392570e+002  4.6019564e+001
 -1.2392569e+002  4.6019529e+001
 -1.2392567e+002  4.6019405e+001
 -1.2392564e+002  4.6019280e+001
 -1.2392561e+002  4.6019156e+001
 -1.2392558e+002  4.6019073e+001
 -1.2392556e+002  4.6019032e+001
 -1.2392551e+002  4.6018908e+001
 -1.2392547e+002  4.6018838e+001
 -1.2392544e+002  4.6018783e+001
 -1.2392540e+002  4.6018659e+001
 -1.2392537e+002  4.6018535e+001
 -1.2392536e+002  4.6018516e+001
 -1.2392533e+002  4.6018411e+001
 -1.2392529e+002  4.6018287e+001
 -1.2392525e+002  4.6018217e+001
 -1.2392522e+002  4.6018162e+001
 -1.2392517e+002  4.6018038e+001
 -1.2392514e+002  4.6017914e+001
 -1.2392514e+002  4.6017909e+001
 -1.2392511e+002  4.6017790e+001
 -1.2392506e+002  4.6017666e+001
 -1.2392503e+002  4.6017604e+001
 -1.2392499e+002  4.6017541e+001
 -1.2392493e+002  4.6017417e+001
 -1.2392492e+002  4.6017379e+001
 -1.2392488e+002  4.6017293e+001
 -1.2392484e+002  4.6017169e+001
 -1.2392481e+002  4.6017082e+001
 -1.2392478e+002  4.6017045e+001
 -1.2392470e+002  4.6016933e+001
 -1.2392469e+002  4.6016920e+001
 -1.2392467e+002  4.6016796e+001
 -1.2392462e+002  4.6016672e+001
 -1.2392458e+002  4.6016564e+001
 -1.2392457e+002  4.6016548e+001
 -1.2392449e+002  4.6016424e+001
 -1.2392447e+002  4.6016415e+001
 -1.2392447e+002  4.6016424e+001
 -1.2392445e+002  4.6016548e+001
 -1.2392436e+002  4.6016654e+001
 -1.2392434e+002  4.6016672e+001
 -1.2392425e+002  4.6016755e+001
 -1.2392417e+002  4.6016796e+001
 -1.2392414e+002  4.6016811e+001
 -1.2392403e+002  4.6016871e+001
 -1.2392392e+002  4.6016907e+001
 -1.2392390e+002  4.6016920e+001
 -1.2392381e+002  4.6017012e+001
 -1.2392374e+002  4.6017045e+001
 -1.2392369e+002  4.6017070e+001
 -1.2392358e+002  4.6017109e+001
 -1.2392347e+002  4.6017165e+001
 -1.2392346e+002  4.6017169e+001
 -1.2392336e+002  4.6017258e+001
 -1.2392331e+002  4.6017293e+001
 -1.2392325e+002  4.6017340e+001
 -1.2392314e+002  4.6017391e+001
 -1.2392307e+002  4.6017417e+001
 -1.2392303e+002  4.6017437e+001
 -1.2392292e+002  4.6017510e+001
 -1.2392286e+002  4.6017541e+001
 -1.2392280e+002  4.6017595e+001
 -1.2392269e+002  4.6017654e+001
 -1.2392266e+002  4.6017666e+001
 -1.2392258e+002  4.6017694e+001
 -1.2392247e+002  4.6017727e+001
 -1.2392236e+002  4.6017790e+001
 -1.2392236e+002  4.6017796e+001
 -1.2392225e+002  4.6017888e+001
 -1.2392219e+002  4.6017914e+001
 -1.2392214e+002  4.6017949e+001
 -1.2392203e+002  4.6018004e+001
 -1.2392197e+002  4.6018038e+001
 -1.2392191e+002  4.6018098e+001
 -1.2392188e+002  4.6018162e+001
 -1.2392182e+002  4.6018287e+001
 -1.2392180e+002  4.6018332e+001
 -1.2392178e+002  4.6018411e+001
 -1.2392173e+002  4.6018535e+001
 -1.2392169e+002  4.6018612e+001
 -1.2392167e+002  4.6018659e+001
 -1.2392161e+002  4.6018783e+001
 -1.2392158e+002  4.6018831e+001
 -1.2392155e+002  4.6018908e+001
 -1.2392152e+002  4.6019032e+001
 -1.2392150e+002  4.6019156e+001
 -1.2392150e+002  4.6019280e+001
 -1.2392150e+002  4.6019405e+001
 -1.2392151e+002  4.6019529e+001
 -1.2392151e+002  4.6019653e+001
 -1.2392154e+002  4.6019777e+001
 -1.2392158e+002  4.6019843e+001
 -1.2392164e+002  4.6019901e+001
 -1.2392169e+002  4.6019962e+001
 -1.2392171e+002  4.6019991e+001
 -1.2390924e+002  4.6019991e+001
 -1.2390923e+002  4.6019989e+001
 -1.2390912e+002  4.6019978e+001
 -1.2390901e+002  4.6019934e+001
 -1.2390894e+002  4.6019901e+001
 -1.2390890e+002  4.6019865e+001
 -1.2390882e+002  4.6019777e+001
 -1.2390879e+002  4.6019745e+001
 -1.2390869e+002  4.6019653e+001
 -1.2390868e+002  4.6019639e+001
 -1.2390857e+002  4.6019543e+001
 -1.2390855e+002  4.6019529e+001
 -1.2390846e+002  4.6019437e+001
 -1.2390842e+002  4.6019405e+001
 -1.2390834e+002  4.6019362e+001
 -1.2390823e+002  4.6019352e+001
 -1.2390812e+002  4.6019352e+001
 -1.2390801e+002  4.6019351e+001
 -1.2390790e+002  4.6019339e+001
 -1.2390779e+002  4.6019317e+001
 -1.2390769e+002  4.6019280e+001
 -1.2390768e+002  4.6019275e+001
 -1.2390757e+002  4.6019221e+001
 -1.2390746e+002  4.6019167e+001
 -1.2390744e+002  4.6019156e+001
 -1.2390734e+002  4.6019087e+001
 -1.2390729e+002  4.6019032e+001
 -1.2390723e+002  4.6018961e+001
 -1.2390717e+002  4.6018908e+001
 -1.2390712e+002  4.6018864e+001
 -1.2390704e+002  4.6018783e+001
 -1.2390701e+002  4.6018736e+001
 -1.2390697e+002  4.6018659e+001
 -1.2390691e+002  4.6018535e+001
 -1.2390690e+002  4.6018505e+001
 -1.2390685e+002  4.6018411e+001
 -1.2390679e+002  4.6018287e+001
 -1.2390679e+002  4.6018280e+001
 -1.2390672e+002  4.6018162e+001
 -1.2390668e+002  4.6018038e+001
 -1.2390668e+002  4.6018024e+001
 -1.2390660e+002  4.6017914e+001
 -1.2390657e+002  4.6017842e+001
 -1.2390653e+002  4.6017790e+001
 -1.2390648e+002  4.6017666e+001
 -1.2390645e+002  4.6017573e+001
 -1.2390644e+002  4.6017541e+001
 -1.2390640e+002  4.6017417e+001
 -1.2390636e+002  4.6017293e+001
 -1.2390634e+002  4.6017190e+001
 -1.2390634e+002  4.6017169e+001
 -1.2390626e+002  4.6017045e+001
 -1.2390623e+002  4.6016985e+001
 -1.2390620e+002  4.6016920e+001
 -1.2390612e+002  4.6016819e+001
 -1.2390609e+002  4.6016796e+001
 -1.2390601e+002  4.6016740e+001
 -1.2390591e+002  4.6016672e+001
 -1.2390590e+002  4.6016668e+001
 -1.2390579e+002  4.6016611e+001
 -1.2390570e+002  4.6016548e+001
 -1.2390568e+002  4.6016528e+001
 -1.2390560e+002  4.6016424e+001
 -1.2390556e+002  4.6016373e+001
 -1.2390547e+002  4.6016299e+001
 -1.2390545e+002  4.6016283e+001
 -1.2390535e+002  4.6016175e+001
 -1.2390534e+002  4.6016163e+001
 -1.2390527e+002  4.6016051e+001
 -1.2390523e+002  4.6015993e+001
 -1.2390519e+002  4.6015927e+001
 -1.2390516e+002  4.6015802e+001
 -1.2390517e+002  4.6015678e+001
 -1.2390520e+002  4.6015554e+001
 -1.2390523e+002  4.6015430e+001
 -1.2390523e+002  4.6015408e+001
 -1.2390524e+002  4.6015306e+001
 -1.2390524e+002  4.6015181e+001
 -1.2390523e+002  4.6015057e+001
 -1.2390524e+002  4.6014933e+001
 -1.2390527e+002  4.6014809e+001
 -1.2390530e+002  4.6014685e+001
 -1.2390531e+002  4.6014560e+001
 -1.2390530e+002  4.6014436e+001
 -1.2390529e+002  4.6014312e+001
 -1.2390527e+002  4.6014188e+001
 -1.2390524e+002  4.6014064e+001
 -1.2390523e+002  4.6014039e+001
 -1.2390520e+002  4.6013939e+001
 -1.2390519e+002  4.6013815e+001
 -1.2390518e+002  4.6013691e+001
 -1.2390517e+002  4.6013567e+001
 -1.2390516e+002  4.6013443e+001
 -1.2390514e+002  4.6013318e+001
 -1.2390512e+002  4.6013194e+001
 -1.2390512e+002  4.6013164e+001
 -1.2390510e+002  4.6013070e+001
 -1.2390508e+002  4.6012946e+001
 -1.2390505e+002  4.6012821e+001
 -1.2390503e+002  4.6012697e+001
 -1.2390501e+002  4.6012625e+001
 -1.2390499e+002  4.6012573e+001
 -1.2390494e+002  4.6012449e+001
 -1.2390490e+002  4.6012388e+001
 -1.2390484e+002  4.6012325e+001
 -1.2390479e+002  4.6012278e+001
 -1.2390470e+002  4.6012200e+001
 -1.2390467e+002  4.6012186e+001
 -1.2390456e+002  4.6012097e+001
 -1.2390454e+002  4.6012076e+001
 -1.2390445e+002  4.6011989e+001
 -1.2390440e+002  4.6011952e+001
 -1.2390434e+002  4.6011923e+001
 -1.2390423e+002  4.6011864e+001
 -1.2390417e+002  4.6011828e+001
 -1.2390412e+002  4.6011797e+001
 -1.2390401e+002  4.6011704e+001
 -1.2390401e+002  4.6011700e+001
 -1.2390390e+002  4.6011590e+001
 -1.2390388e+002  4.6011579e+001
 -1.2390378e+002  4.6011516e+001
 -1.2390370e+002  4.6011455e+001
 -1.2390367e+002  4.6011442e+001
 -1.2390356e+002  4.6011373e+001
 -1.2390350e+002  4.6011331e+001
 -1.2390345e+002  4.6011315e+001
 -1.2390334e+002  4.6011271e+001
 -1.2390323e+002  4.6011234e+001
 -1.2390317e+002  4.6011207e+001
 -1.2390312e+002  4.6011178e+001
 -1.2390301e+002  4.6011084e+001
 -1.2390300e+002  4.6011083e+001
 -1.2390289e+002  4.6010993e+001
 -1.2390286e+002  4.6010958e+001
 -1.2390279e+002  4.6010834e+001
 -1.2390278e+002  4.6010823e+001
 -1.2390268e+002  4.6010710e+001
 -1.2390267e+002  4.6010704e+001
 -1.2390257e+002  4.6010586e+001
 -1.2390256e+002  4.6010565e+001
 -1.2390250e+002  4.6010461e+001
 -1.2390245e+002  4.6010366e+001
 -1.2390244e+002  4.6010337e+001
 -1.2390239e+002  4.6010213e+001
 -1.2390237e+002  4.6010089e+001
 -1.2390239e+002  4.6009965e+001
 -1.2390245e+002  4.6009867e+001
 -1.2390248e+002  4.6009840e+001
 -1.2390256e+002  4.6009765e+001
 -1.2390262e+002  4.6009716e+001
 -1.2390267e+002  4.6009665e+001
 -1.2390275e+002  4.6009592e+001
 -1.2390278e+002  4.6009564e+001
 -1.2390285e+002  4.6009468e+001
 -1.2390289e+002  4.6009380e+001
 -1.2390292e+002  4.6009344e+001
 -1.2390298e+002  4.6009219e+001
 -1.2390301e+002  4.6009156e+001
 -1.2390303e+002  4.6009095e+001
 -1.2390306e+002  4.6008971e+001
 -1.2390308e+002  4.6008847e+001
 -1.2390310e+002  4.6008723e+001
 -1.2390312e+002  4.6008652e+001
 -1.2390313e+002  4.6008598e+001
 -1.2390317e+002  4.6008474e+001
 -1.2390323e+002  4.6008376e+001
 -1.2390324e+002  4.6008350e+001
 -1.2390333e+002  4.6008226e+001
 -1.2390334e+002  4.6008215e+001
 -1.2390340e+002  4.6008102e+001
 -1.2390345e+002  4.6007995e+001
 -1.2390346e+002  4.6007977e+001
 -1.2390353e+002  4.6007853e+001
 -1.2390356e+002  4.6007808e+001
 -1.2390361e+002  4.6007729e+001
 -1.2390367e+002  4.6007627e+001
 -1.2390369e+002  4.6007605e+001
 -1.2390376e+002  4.6007480e+001
 -1.2390378e+002  4.6007413e+001
 -1.2390381e+002  4.6007356e+001
 -1.2390385e+002  4.6007232e+001
 -1.2390388e+002  4.6007108e+001
 -1.2390390e+002  4.6007069e+001
 -1.2390391e+002  4.6006984e+001
 -1.2390390e+002  4.6006859e+001
 -1.2390391e+002  4.6006735e+001
 -1.2390396e+002  4.6006611e+001
 -1.2390401e+002  4.6006547e+001
 -1.2390406e+002  4.6006487e+001
 -1.2390412e+002  4.6006439e+001
 -1.2390422e+002  4.6006363e+001
 -1.2390423e+002  4.6006351e+001
 -1.2390434e+002  4.6006267e+001
 -1.2390438e+002  4.6006238e+001
 -1.2390445e+002  4.6006198e+001
 -1.2390456e+002  4.6006115e+001
 -1.2390456e+002  4.6006114e+001
 -1.2390467e+002  4.6006022e+001
 -1.2390471e+002  4.6005990e+001
 -1.2390479e+002  4.6005928e+001
 -1.2390486e+002  4.6005866e+001
 -1.2390490e+002  4.6005821e+001
 -1.2390496e+002  4.6005742e+001
 -1.2390501e+002  4.6005675e+001
 -1.2390504e+002  4.6005617e+001
 -1.2390510e+002  4.6005493e+001
 -1.2390512e+002  4.6005434e+001
 -1.2390515e+002  4.6005369e+001
 -1.2390523e+002  4.6005255e+001
 -1.2390524e+002  4.6005245e+001
 -1.2390528e+002  4.6005121e+001
 -1.2390534e+002  4.6004996e+001
 -1.2390534e+002  4.6004995e+001
 -1.2390538e+002  4.6004872e+001
 -1.2390542e+002  4.6004748e+001
 -1.2390544e+002  4.6004624e+001
 -1.2390544e+002  4.6004499e+001
 -1.2390544e+002  4.6004375e+001
 -1.2390545e+002  4.6004314e+001
 -1.2390546e+002  4.6004251e+001
 -1.2390551e+002  4.6004127e+001
 -1.2390556e+002  4.6004069e+001
 -1.2390561e+002  4.6004003e+001
 -1.2390568e+002  4.6003917e+001
 -1.2390570e+002  4.6003878e+001
 -1.2390577e+002  4.6003754e+001
 -1.2390579e+002  4.6003729e+001
 -1.2390584e+002  4.6003630e+001
 -1.2390590e+002  4.6003532e+001
 -1.2390592e+002  4.6003506e+001
 -1.2390601e+002  4.6003407e+001
 -1.2390604e+002  4.6003382e+001
 -1.2390612e+002  4.6003257e+001
 -1.2390612e+002  4.6003250e+001
 -1.2390616e+002  4.6003133e+001
 -1.2390621e+002  4.6003009e+001
 -1.2390623e+002  4.6002962e+001
 -1.2390631e+002  4.6002885e+001
 -1.2390634e+002  4.6002863e+001
 -1.2390645e+002  4.6002829e+001
 -1.2390657e+002  4.6002821e+001
 -1.2390668e+002  4.6002830e+001
 -1.2390679e+002  4.6002833e+001
 -1.2390690e+002  4.6002843e+001
 -1.2390701e+002  4.6002845e+001
 -1.2390712e+002  4.6002848e+001
 -1.2390723e+002  4.6002850e+001
 -1.2390734e+002  4.6002830e+001
 -1.2390746e+002  4.6002806e+001
 -1.2390757e+002  4.6002767e+001
 -1.2390758e+002  4.6002761e+001
 -1.2390768e+002  4.6002707e+001
 -1.2390779e+002  4.6002644e+001
 -1.2390780e+002  4.6002636e+001
 -1.2390790e+002  4.6002571e+001
 -1.2390801e+002  4.6002542e+001
 -1.2390810e+002  4.6002512e+001
 -1.2390812e+002  4.6002496e+001
 -1.2390823e+002  4.6002440e+001
 -1.2390831e+002  4.6002388e+001
 -1.2390834e+002  4.6002359e+001
 -1.2390841e+002  4.6002264e+001
 -1.2390846e+002  4.6002156e+001
 -1.2390846e+002  4.6002139e+001
 -1.2390850e+002  4.6002015e+001
 -1.2390854e+002  4.6001891e+001
 -1.2390857e+002  4.6001850e+001
 -1.2390863e+002  4.6001767e+001
 -1.2390868e+002  4.6001704e+001
 -1.2390872e+002  4.6001643e+001
 -1.2390879e+002  4.6001560e+001
 -1.2390883e+002  4.6001518e+001
 -1.2390890e+002  4.6001458e+001
 -1.2390895e+002  4.6001394e+001
 -1.2390901e+002  4.6001282e+001
 -1.2390902e+002  4.6001270e+001
 -1.2390912e+002  4.6001184e+001
 -1.2390919e+002  4.6001146e+001
 -1.2390923e+002  4.6001097e+001
 -1.2390931e+002  4.6001022e+001
 -1.2390935e+002  4.6000968e+001
 -1.2390939e+002  4.6000897e+001
 -1.2390946e+002  4.6000779e+001
 -1.2390946e+002  4.6000773e+001
 -1.2390952e+002  4.6000649e+001
 -1.2390957e+002  4.6000559e+001
 -1.2390959e+002  4.6000525e+001
 -1.2390968e+002  4.6000401e+001
 -1.2390968e+002  4.6000399e+001
 -1.2390979e+002  4.6000301e+001
 -1.2390981e+002  4.6000276e+001
 -1.2390990e+002  4.6000181e+001
 -1.2390993e+002  4.6000152e+001
 -1.2391001e+002  4.6000069e+001
 -1.2391005e+002  4.6000028e+001
 -1.2391012e+002  4.5999922e+001
 -1.2391014e+002  4.5999904e+001
 -1.2391024e+002  4.5999808e+001
 -1.2391027e+002  4.5999780e+001
 -1.2391035e+002  4.5999687e+001
 -1.2391037e+002  4.5999655e+001
 -1.2391042e+002  4.5999531e+001
 -1.2391046e+002  4.5999453e+001
 -1.2391048e+002  4.5999407e+001
 -1.2391057e+002  4.5999289e+001
 -1.2391057e+002  4.5999283e+001
 -1.2391066e+002  4.5999158e+001
 -1.2391068e+002  4.5999100e+001
 -1.2391071e+002  4.5999034e+001
 -1.2391074e+002  4.5998910e+001
 -1.2391079e+002  4.5998819e+001
 -1.2391082e+002  4.5998786e+001
 -1.2391088e+002  4.5998662e+001
 -1.2391089e+002  4.5998537e+001
 -1.2391087e+002  4.5998413e+001
 -1.2391081e+002  4.5998289e+001
 -1.2391079e+002  4.5998263e+001
 -1.2391072e+002  4.5998165e+001
 -1.2391068e+002  4.5998087e+001
 -1.2391066e+002  4.5998041e+001
 -1.2391058e+002  4.5997916e+001
 -1.2391057e+002  4.5997908e+001
 -1.2391046e+002  4.5997807e+001
 -1.2391044e+002  4.5997792e+001
 -1.2391035e+002  4.5997730e+001
 -1.2391024e+002  4.5997669e+001
 -1.2391023e+002  4.5997668e+001
 -1.2391012e+002  4.5997584e+001
 -1.2391009e+002  4.5997544e+001
 -1.2391001e+002  4.5997447e+001
 -1.2390998e+002  4.5997420e+001
 -1.2390990e+002  4.5997370e+001
 -1.2390980e+002  4.5997295e+001
 -1.2390979e+002  4.5997290e+001
 -1.2390968e+002  4.5997214e+001
 -1.2390962e+002  4.5997171e+001
 -1.2390957e+002  4.5997146e+001
 -1.2390946e+002  4.5997069e+001
 -1.2390942e+002  4.5997047e+001
 -1.2390935e+002  4.5996981e+001
 -1.2390928e+002  4.5996923e+001
 -1.2390923e+002  4.5996850e+001
 -1.2390919e+002  4.5996799e+001
 -1.2390915e+002  4.5996674e+001
 -1.2390917e+002  4.5996550e+001
 -1.2390920e+002  4.5996426e+001
 -1.2390922e+002  4.5996302e+001
 -1.2390923e+002  4.5996199e+001
 -1.2390924e+002  4.5996177e+001
 -1.2390926e+002  4.5996053e+001
 -1.2390935e+002  4.5995929e+001
 -1.2390935e+002  4.5995928e+001
 -1.2390946e+002  4.5995830e+001
 -1.2390947e+002  4.5995805e+001
 -1.2390954e+002  4.5995681e+001
 -1.2390957e+002  4.5995648e+001
 -1.2390968e+002  4.5995596e+001
 -1.2390979e+002  4.5995556e+001
 -1.2390979e+002  4.5995555e+001
 -1.2390990e+002  4.5995508e+001
 -1.2391001e+002  4.5995491e+001
 -1.2391012e+002  4.5995440e+001
 -1.2391015e+002  4.5995432e+001
 -1.2391024e+002  4.5995408e+001
 -1.2391035e+002  4.5995410e+001
 -1.2391045e+002  4.5995432e+001
 -1.2391046e+002  4.5995434e+001
 -1.2391057e+002  4.5995451e+001
 -1.2391068e+002  4.5995447e+001
 -1.2391076e+002  4.5995432e+001
 -1.2391079e+002  4.5995426e+001
 -1.2391090e+002  4.5995384e+001
 -1.2391101e+002  4.5995359e+001
 -1.2391113e+002  4.5995339e+001
 -1.2391117e+002  4.5995308e+001
 -1.2391124e+002  4.5995218e+001
 -1.2391128e+002  4.5995184e+001
 -1.2391135e+002  4.5995143e+001
 -1.2391146e+002  4.5995088e+001
 -1.2391151e+002  4.5995060e+001
 -1.2391157e+002  4.5995000e+001
 -1.2391162e+002  4.5994935e+001
 -1.2391168e+002  4.5994854e+001
 -1.2391170e+002  4.5994811e+001
 -1.2391177e+002  4.5994687e+001
 -1.2391179e+002  4.5994637e+001
 -1.2391186e+002  4.5994563e+001
 -1.2391190e+002  4.5994529e+001
 -1.2391202e+002  4.5994444e+001
 -1.2391202e+002  4.5994439e+001
 -1.2391213e+002  4.5994340e+001
 -1.2391216e+002  4.5994314e+001
 -1.2391224e+002  4.5994264e+001
 -1.2391230e+002  4.5994190e+001
 -1.2391235e+002  4.5994110e+001
 -1.2391240e+002  4.5994066e+001
 -1.2391246e+002  4.5994024e+001
 -1.2391257e+002  4.5993963e+001
 -1.2391260e+002  4.5993942e+001
 -1.2391268e+002  4.5993849e+001
 -1.2391270e+002  4.5993817e+001
 -1.2391277e+002  4.5993693e+001
 -1.2391279e+002  4.5993650e+001
 -1.2391282e+002  4.5993569e+001
 -1.2391284e+002  4.5993445e+001
 -1.2391286e+002  4.5993321e+001
 -1.2391287e+002  4.5993196e+001
 -1.2391288e+002  4.5993072e+001
 -1.2391291e+002  4.5992951e+001
 -1.2391291e+002  4.5992948e+001
 -1.2391294e+002  4.5992824e+001
 -1.2391296e+002  4.5992700e+001
 -1.2391301e+002  4.5992575e+001
 -1.2391302e+002  4.5992556e+001
 -1.2391305e+002  4.5992451e+001
 -1.2391309e+002  4.5992327e+001
 -1.2391313e+002  4.5992249e+001
 -1.2391314e+002  4.5992203e+001
 -1.2391322e+002  4.5992079e+001
 -1.2391324e+002  4.5992056e+001
 -1.2391335e+002  4.5991954e+001
 -1.2391335e+002  4.5991948e+001
 -1.2391339e+002  4.5991830e+001
 -1.2391343e+002  4.5991706e+001
 -1.2391346e+002  4.5991582e+001
 -1.2391346e+002  4.5991569e+001
 -1.2391348e+002  4.5991458e+001
 -1.2391349e+002  4.5991333e+001
 -1.2391348e+002  4.5991209e+001
 -1.2391347e+002  4.5991085e+001
 -1.2391346e+002  4.5991007e+001
 -1.2391346e+002  4.5990961e+001
 -1.2391346e+002  4.5990836e+001
 -1.2391346e+002  4.5990812e+001
 -1.2391348e+002  4.5990712e+001
 -1.2391354e+002  4.5990588e+001
 -1.2391357e+002  4.5990470e+001
 -1.2391357e+002  4.5990464e+001
 -1.2391360e+002  4.5990340e+001
 -1.2391365e+002  4.5990215e+001
 -1.2391368e+002  4.5990151e+001
 -1.2391370e+002  4.5990091e+001
 -1.2391375e+002  4.5989967e+001
 -1.2391378e+002  4.5989843e+001
 -1.2391380e+002  4.5989753e+001
 -1.2391380e+002  4.5989719e+001
 -1.2391380e+002  4.5989594e+001
 -1.2391380e+002  4.5989587e+001
 -1.2391378e+002  4.5989470e+001
 -1.2391373e+002  4.5989346e+001
 -1.2391371e+002  4.5989222e+001
 -1.2391369e+002  4.5989098e+001
 -1.2391368e+002  4.5989037e+001
 -1.2391368e+002  4.5988973e+001
 -1.2391366e+002  4.5988849e+001
 -1.2391359e+002  4.5988725e+001
 -1.2391357e+002  4.5988697e+001
 -1.2391349e+002  4.5988601e+001
 -1.2391346e+002  4.5988543e+001
 -1.2391343e+002  4.5988477e+001
 -1.2391339e+002  4.5988352e+001
 -1.2391335e+002  4.5988289e+001
 -1.2391329e+002  4.5988228e+001
 -1.2391324e+002  4.5988173e+001
 -1.2391316e+002  4.5988104e+001
 -1.2391313e+002  4.5988072e+001
 -1.2391303e+002  4.5987980e+001
 -1.2391302e+002  4.5987972e+001
 -1.2391291e+002  4.5987872e+001
 -1.2391289e+002  4.5987855e+001
 -1.2391279e+002  4.5987787e+001
 -1.2391268e+002  4.5987772e+001
 -1.2391257e+002  4.5987766e+001
 -1.2391246e+002  4.5987742e+001
 -1.2391235e+002  4.5987746e+001
 -1.2391225e+002  4.5987731e+001
 -1.2391224e+002  4.5987730e+001
 -1.2391223e+002  4.5987731e+001
 -1.2391213e+002  4.5987765e+001
 -1.2391202e+002  4.5987797e+001
 -1.2391190e+002  4.5987818e+001
 -1.2391179e+002  4.5987816e+001
 -1.2391168e+002  4.5987798e+001
 -1.2391157e+002  4.5987784e+001
 -1.2391146e+002  4.5987742e+001
 -1.2391144e+002  4.5987731e+001
 -1.2391135e+002  4.5987686e+001
 -1.2391125e+002  4.5987607e+001
 -1.2391124e+002  4.5987588e+001
 -1.2391117e+002  4.5987483e+001
 -1.2391113e+002  4.5987445e+001
 -1.2391101e+002  4.5987414e+001
 -1.2391090e+002  4.5987379e+001
 -1.2391086e+002  4.5987359e+001
 -1.2391079e+002  4.5987305e+001
 -1.2391075e+002  4.5987234e+001
 -1.2391076e+002  4.5987110e+001
 -1.2391079e+002  4.5987022e+001
 -1.2391081e+002  4.5986986e+001
 -1.2391086e+002  4.5986862e+001
 -1.2391090e+002  4.5986796e+001
 -1.2391094e+002  4.5986738e+001
 -1.2391101e+002  4.5986653e+001
 -1.2391104e+002  4.5986613e+001
 -1.2391113e+002  4.5986521e+001
 -1.2391115e+002  4.5986489e+001
 -1.2391124e+002  4.5986398e+001
 -1.2391129e+002  4.5986365e+001
 -1.2391135e+002  4.5986309e+001
 -1.2391146e+002  4.5986241e+001
 -1.2391146e+002  4.5986241e+001
 -1.2391157e+002  4.5986194e+001
 -1.2391168e+002  4.5986171e+001
 -1.2391179e+002  4.5986127e+001
 -1.2391183e+002  4.5986117e+001
 -1.2391190e+002  4.5986078e+001
 -1.2391202e+002  4.5986051e+001
 -1.2391213e+002  4.5986048e+001
 -1.2391224e+002  4.5986058e+001
 -1.2391235e+002  4.5986068e+001
 -1.2391246e+002  4.5986081e+001
 -1.2391257e+002  4.5986070e+001
 -1.2391268e+002  4.5986070e+001
 -1.2391279e+002  4.5986074e+001
 -1.2391291e+002  4.5986037e+001
 -1.2391302e+002  4.5986010e+001
 -1.2391312e+002  4.5985992e+001
 -1.2391313e+002  4.5985991e+001
 -1.2391324e+002  4.5985976e+001
 -1.2391335e+002  4.5985970e+001
 -1.2391346e+002  4.5985958e+001
 -1.2391357e+002  4.5985950e+001
 -1.2391368e+002  4.5985938e+001
 -1.2391380e+002  4.5985935e+001
 -1.2391391e+002  4.5985941e+001
 -1.2391402e+002  4.5985943e+001
 -1.2391413e+002  4.5985948e+001
 -1.2391424e+002  4.5985943e+001
 -1.2391435e+002  4.5985946e+001
 -1.2391446e+002  4.5985965e+001
 -1.2391454e+002  4.5985992e+001
 -1.2391457e+002  4.5986006e+001
 -1.2391468e+002  4.5986079e+001
 -1.2391477e+002  4.5986117e+001
 -1.2391480e+002  4.5986121e+001
 -1.2391491e+002  4.5986143e+001
 -1.2391502e+002  4.5986163e+001
 -1.2391513e+002  4.5986169e+001
 -1.2391524e+002  4.5986174e+001
 -1.2391535e+002  4.5986165e+001
 -1.2391546e+002  4.5986159e+001
 -1.2391557e+002  4.5986155e+001
 -1.2391569e+002  4.5986136e+001
 -1.2391580e+002  4.5986127e+001
 -1.2391591e+002  4.5986117e+001
 -1.2391591e+002  4.5986116e+001
 -1.2391594e+002  4.5986117e+001
 -1.2391602e+002  4.5986117e+001
 -1.2391613e+002  4.5986120e+001
 -1.2391615e+002  4.5986117e+001
 -1.2391624e+002  4.5986084e+001
 -1.2391635e+002  4.5986066e+001
 -1.2391646e+002  4.5986060e+001
 -1.2391658e+002  4.5986074e+001
 -1.2391669e+002  4.5986092e+001
 -1.2391680e+002  4.5986010e+001
 -1.2391682e+002  4.5985992e+001
 -1.2391691e+002  4.5985910e+001
 -1.2391696e+002  4.5985868e+001
 -1.2391702e+002  4.5985783e+001
 -1.2391705e+002  4.5985744e+001
 -1.2391713e+002  4.5985624e+001
 -1.2391713e+002  4.5985620e+001
 -1.2391720e+002  4.5985495e+001
 -1.2391723e+002  4.5985371e+001
 -1.2391724e+002  4.5985327e+001
 -1.2391726e+002  4.5985247e+001
 -1.2391729e+002  4.5985123e+001
 -1.2391733e+002  4.5984999e+001
 -1.2391735e+002  4.5984924e+001
 -1.2391737e+002  4.5984874e+001
 -1.2391741e+002  4.5984750e+001
 -1.2391744e+002  4.5984626e+001
 -1.2391745e+002  4.5984502e+001
 -1.2391747e+002  4.5984449e+001
 -1.2391749e+002  4.5984378e+001
 -1.2391752e+002  4.5984253e+001
 -1.2391755e+002  4.5984129e+001
 -1.2391758e+002  4.5984070e+001
 -1.2391760e+002  4.5984005e+001
 -1.2391765e+002  4.5983881e+001
 -1.2391766e+002  4.5983757e+001
 -1.2391768e+002  4.5983632e+001
 -1.2391769e+002  4.5983612e+001
 -1.2391771e+002  4.5983508e+001
 -1.2391773e+002  4.5983384e+001
 -1.2391773e+002  4.5983260e+001
 -1.2391774e+002  4.5983136e+001
 -1.2391774e+002  4.5983011e+001
 -1.2391774e+002  4.5982887e+001
 -1.2391774e+002  4.5982763e+001
 -1.2391769e+002  4.5982641e+001
 -1.2391769e+002  4.5982639e+001
 -1.2391758e+002  4.5982572e+001
 -1.2391747e+002  4.5982555e+001
 -1.2391743e+002  4.5982639e+001
 -1.2391735e+002  4.5982743e+001
 -1.2391730e+002  4.5982763e+001
 -1.2391724e+002  4.5982796e+001
 -1.2391713e+002  4.5982809e+001
 -1.2391703e+002  4.5982763e+001
 -1.2391702e+002  4.5982760e+001
 -1.2391691e+002  4.5982729e+001
 -1.2391684e+002  4.5982763e+001
 -1.2391680e+002  4.5982804e+001
 -1.2391669e+002  4.5982869e+001
 -1.2391658e+002  4.5982869e+001
 -1.2391646e+002  4.5982835e+001
 -1.2391635e+002  4.5982781e+001
 -1.2391624e+002  4.5982766e+001
 -1.2391622e+002  4.5982763e+001
 -1.2391613e+002  4.5982757e+001
 -1.2391602e+002  4.5982756e+001
 -1.2391591e+002  4.5982739e+001
 -1.2391580e+002  4.5982712e+001
 -1.2391569e+002  4.5982698e+001
 -1.2391557e+002  4.5982683e+001
 -1.2391546e+002  4.5982677e+001
 -1.2391535e+002  4.5982658e+001
 -1.2391530e+002  4.5982639e+001
 -1.2391524e+002  4.5982624e+001
 -1.2391513e+002  4.5982587e+001
 -1.2391502e+002  4.5982514e+001
 -1.2391502e+002  4.5982514e+001
 -1.2391491e+002  4.5982513e+001
 -1.2391480e+002  4.5982506e+001
 -1.2391468e+002  4.5982485e+001
 -1.2391457e+002  4.5982469e+001
 -1.2391446e+002  4.5982444e+001
 -1.2391435e+002  4.5982430e+001
 -1.2391424e+002  4.5982403e+001
 -1.2391421e+002  4.5982390e+001
 -1.2391413e+002  4.5982359e+001
 -1.2391403e+002  4.5982266e+001
 -1.2391402e+002  4.5982257e+001
 -1.2391392e+002  4.5982142e+001
 -1.2391391e+002  4.5982130e+001
 -1.2391380e+002  4.5982018e+001
 -1.2391380e+002  4.5982010e+001
 -1.2391368e+002  4.5981914e+001
 -1.2391366e+002  4.5981893e+001
 -1.2391357e+002  4.5981843e+001
 -1.2391346e+002  4.5981769e+001
 -1.2391346e+002  4.5981767e+001
 -1.2391339e+002  4.5981645e+001
 -1.2391335e+002  4.5981564e+001
 -1.2391331e+002  4.5981521e+001
 -1.2391324e+002  4.5981454e+001
 -1.2391316e+002  4.5981397e+001
 -1.2391313e+002  4.5981377e+001
 -1.2391302e+002  4.5981317e+001
 -1.2391295e+002  4.5981272e+001
 -1.2391291e+002  4.5981224e+001
 -1.2391286e+002  4.5981148e+001
 -1.2391281e+002  4.5981024e+001
 -1.2391279e+002  4.5980988e+001
 -1.2391271e+002  4.5980900e+001
 -1.2391268e+002  4.5980883e+001
 -1.2391257e+002  4.5980838e+001
 -1.2391247e+002  4.5980776e+001
 -1.2391246e+002  4.5980768e+001
 -1.2391235e+002  4.5980651e+001
 -1.2391235e+002  4.5980641e+001
 -1.2391230e+002  4.5980527e+001
 -1.2391229e+002  4.5980403e+001
 -1.2391235e+002  4.5980325e+001
 -1.2391244e+002  4.5980279e+001
 -1.2391246e+002  4.5980272e+001
 -1.2391257e+002  4.5980186e+001
 -1.2391265e+002  4.5980155e+001
 -1.2391268e+002  4.5980140e+001
 -1.2391279e+002  4.5980112e+001
 -1.2391291e+002  4.5980087e+001
 -1.2391302e+002  4.5980080e+001
 -1.2391313e+002  4.5980067e+001
 -1.2391324e+002  4.5980072e+001
 -1.2391335e+002  4.5980098e+001
 -1.2391346e+002  4.5980135e+001
 -1.2391350e+002  4.5980155e+001
 -1.2391357e+002  4.5980198e+001
 -1.2391368e+002  4.5980215e+001
 -1.2391380e+002  4.5980234e+001
 -1.2391387e+002  4.5980279e+001
 -1.2391391e+002  4.5980288e+001
 -1.2391402e+002  4.5980323e+001
 -1.2391409e+002  4.5980403e+001
 -1.2391413e+002  4.5980511e+001
 -1.2391414e+002  4.5980527e+001
 -1.2391424e+002  4.5980554e+001
 -1.2391435e+002  4.5980571e+001
 -1.2391446e+002  4.5980579e+001
 -1.2391457e+002  4.5980549e+001
 -1.2391462e+002  4.5980527e+001
 -1.2391468e+002  4.5980470e+001
 -1.2391475e+002  4.5980403e+001
 -1.2391480e+002  4.5980352e+001
 -1.2391486e+002  4.5980279e+001
 -1.2391491e+002  4.5980230e+001
 -1.2391496e+002  4.5980155e+001
 -1.2391502e+002  4.5980085e+001
 -1.2391504e+002  4.5980030e+001
 -1.2391509e+002  4.5979906e+001
 -1.2391513e+002  4.5979845e+001
 -1.2391518e+002  4.5979782e+001
 -1.2391524e+002  4.5979672e+001
 -1.2391525e+002  4.5979658e+001
 -1.2391531e+002  4.5979533e+001
 -1.2391535e+002  4.5979456e+001
 -1.2391538e+002  4.5979409e+001
 -1.2391545e+002  4.5979285e+001
 -1.2391546e+002  4.5979264e+001
 -1.2391552e+002  4.5979161e+001
 -1.2391557e+002  4.5979080e+001
 -1.2391559e+002  4.5979037e+001
 -1.2391564e+002  4.5978912e+001
 -1.2391568e+002  4.5978788e+001
 -1.2391569e+002  4.5978751e+001
 -1.2391571e+002  4.5978664e+001
 -1.2391573e+002  4.5978540e+001
 -1.2391576e+002  4.5978416e+001
 -1.2391580e+002  4.5978308e+001
 -1.2391580e+002  4.5978291e+001
 -1.2391584e+002  4.5978167e+001
 -1.2391588e+002  4.5978043e+001
 -1.2391589e+002  4.5977919e+001
 -1.2391590e+002  4.5977795e+001
 -1.2391591e+002  4.5977684e+001
 -1.2391591e+002  4.5977670e+001
 -1.2391592e+002  4.5977546e+001
 -1.2391595e+002  4.5977422e+001
 -1.2391600e+002  4.5977298e+001
 -1.2391602e+002  4.5977269e+001
 -1.2391608e+002  4.5977173e+001
 -1.2391613e+002  4.5977126e+001
 -1.2391624e+002  4.5977053e+001
 -1.2391625e+002  4.5977049e+001
 -1.2391635e+002  4.5977022e+001
 -1.2391646e+002  4.5977010e+001
 -1.2391658e+002  4.5977014e+001
 -1.2391669e+002  4.5977029e+001
 -1.2391680e+002  4.5977042e+001
 -1.2391686e+002  4.5977049e+001
 -1.2391691e+002  4.5977055e+001
 -1.2391702e+002  4.5977063e+001
 -1.2391713e+002  4.5977077e+001
 -1.2391724e+002  4.5977104e+001
 -1.2391735e+002  4.5977173e+001
 -1.2391735e+002  4.5977176e+001
 -1.2391747e+002  4.5977237e+001
 -1.2391758e+002  4.5977251e+001
 -1.2391769e+002  4.5977247e+001
 -1.2391780e+002  4.5977229e+001
 -1.2391790e+002  4.5977173e+001
 -1.2391791e+002  4.5977163e+001
 -1.2391802e+002  4.5977099e+001
 -1.2391813e+002  4.5977078e+001
 -1.2391824e+002  4.5977057e+001
 -1.2391827e+002  4.5977049e+001
 -1.2391836e+002  4.5977020e+001
 -1.2391847e+002  4.5976933e+001
 -1.2391847e+002  4.5976925e+001
 -1.2391858e+002  4.5976838e+001
 -1.2391865e+002  4.5976801e+001
 -1.2391869e+002  4.5976775e+001
 -1.2391880e+002  4.5976699e+001
 -1.2391883e+002  4.5976677e+001
 -1.2391891e+002  4.5976619e+001
 -1.2391902e+002  4.5976553e+001
 -1.2391902e+002  4.5976552e+001
 -1.2391913e+002  4.5976491e+001
 -1.2391924e+002  4.5976428e+001
 -1.2391925e+002  4.5976424e+001
 -1.2391936e+002  4.5976307e+001
 -1.2391936e+002  4.5976304e+001
 -1.2391945e+002  4.5976180e+001
 -1.2391947e+002  4.5976138e+001
 -1.2391950e+002  4.5976056e+001
 -1.2391949e+002  4.5975931e+001
 -1.2391947e+002  4.5975874e+001
 -1.2391945e+002  4.5975807e+001
 -1.2391947e+002  4.5975728e+001
 -1.2391948e+002  4.5975683e+001
 -1.2391952e+002  4.5975559e+001
 -1.2391956e+002  4.5975435e+001
 -1.2391958e+002  4.5975397e+001
 -1.2391967e+002  4.5975310e+001
 -1.2391969e+002  4.5975293e+001
 -1.2391980e+002  4.5975189e+001
 -1.2391981e+002  4.5975186e+001
 -1.2391991e+002  4.5975129e+001
 -1.2392002e+002  4.5975115e+001
 -1.2392013e+002  4.5975150e+001
 -1.2392020e+002  4.5975186e+001
 -1.2392025e+002  4.5975211e+001
 -1.2392036e+002  4.5975256e+001
 -1.2392047e+002  4.5975293e+001
 -1.2392050e+002  4.5975310e+001
 -1.2392058e+002  4.5975337e+001
 -1.2392069e+002  4.5975405e+001
 -1.2392073e+002  4.5975435e+001
 -1.2392080e+002  4.5975480e+001
 -1.2392091e+002  4.5975519e+001
 -1.2392102e+002  4.5975544e+001
 -1.2392114e+002  4.5975557e+001
 -1.2392125e+002  4.5975523e+001
 -1.2392136e+002  4.5975458e+001
 -1.2392141e+002  4.5975435e+001
 -1.2392147e+002  4.5975398e+001
 -1.2392158e+002  4.5975340e+001
 -1.2392163e+002  4.5975310e+001
 -1.2392169e+002  4.5975251e+001
 -1.2392173e+002  4.5975186e+001
 -1.2392180e+002  4.5975065e+001
 -1.2392180e+002  4.5975062e+001
 -1.2392187e+002  4.5974938e+001
 -1.2392191e+002  4.5974886e+001
 -1.2392198e+002  4.5974814e+001
 -1.2392203e+002  4.5974771e+001
 -1.2392209e+002  4.5974689e+001
 -1.2392214e+002  4.5974636e+001
 -1.2392218e+002  4.5974565e+001
 -1.2392223e+002  4.5974441e+001
 -1.2392225e+002  4.5974393e+001
 -1.2392227e+002  4.5974317e+001
 -1.2392229e+002  4.5974192e+001
 -1.2392229e+002  4.5974068e+001
 -1.2392228e+002  4.5973944e+001
 -1.2392227e+002  4.5973820e+001
 -1.2392225e+002  4.5973727e+001
 -1.2392224e+002  4.5973696e+001
 -1.2392214e+002  4.5973576e+001
 -1.2392213e+002  4.5973571e+001
 -1.2392203e+002  4.5973518e+001
 -1.2392192e+002  4.5973447e+001
 -1.2392191e+002  4.5973444e+001
 -1.2392180e+002  4.5973333e+001
 -1.2392180e+002  4.5973323e+001
 -1.2392169e+002  4.5973247e+001
 -1.2392159e+002  4.5973199e+001
 -1.2392158e+002  4.5973195e+001
 -1.2392147e+002  4.5973133e+001
 -1.2392140e+002  4.5973075e+001
 -1.2392136e+002  4.5973045e+001
 -1.2392125e+002  4.5972950e+001
 -1.2392125e+002  4.5972942e+001
 -1.2392115e+002  4.5972826e+001
 -1.2392114e+002  4.5972785e+001
 -1.2392111e+002  4.5972702e+001
 -1.2392111e+002  4.5972578e+001
 -1.2392114e+002  4.5972529e+001
 -1.2392116e+002  4.5972454e+001
 -1.2392123e+002  4.5972329e+001
 -1.2392125e+002  4.5972312e+001
 -1.2392135e+002  4.5972205e+001
 -1.2392136e+002  4.5972199e+001
 -1.2392147e+002  4.5972140e+001
 -1.2392158e+002  4.5972110e+001
 -1.2392169e+002  4.5972092e+001
 -1.2392175e+002  4.5972081e+001
 -1.2392180e+002  4.5972071e+001
 -1.2392191e+002  4.5972052e+001
 -1.2392203e+002  4.5972021e+001
 -1.2392210e+002  4.5971998e+001
 -1.2393748e+002  4.5971998e+001
 -1.2393749e+002  4.5972001e+001
 -1.2393759e+002  4.5972081e+001
 -1.2393760e+002  4.5972089e+001
 -1.2393771e+002  4.5972155e+001
 -1.2393780e+002  4.5972205e+001
 -1.2393782e+002  4.5972220e+001
 -1.2393788e+002  4.5972329e+001
 -1.2393793e+002  4.5972435e+001
 -1.2393794e+002  4.5972454e+001
 -1.2393803e+002  4.5972578e+001
 -1.2393804e+002  4.5972593e+001
 -1.2393815e+002  4.5972673e+001
 -1.2393820e+002  4.5972702e+001
 -1.2393826e+002  4.5972732e+001
 -1.2393838e+002  4.5972807e+001
 -1.2393839e+002  4.5972826e+001
 -1.2393849e+002  4.5972899e+001
 -1.2393853e+002  4.5972950e+001
 -1.2393859e+002  4.5973075e+001
 -1.2393860e+002  4.5973091e+001
 -1.2393867e+002  4.5973199e+001
 -1.2393871e+002  4.5973323e+001
 -1.2393871e+002  4.5973324e+001
 -1.2393881e+002  4.5973447e+001
 -1.2393882e+002  4.5973486e+001
 -1.2393886e+002  4.5973571e+001
 -1.2393892e+002  4.5973696e+001
 -1.2393893e+002  4.5973820e+001
 -1.2393893e+002  4.5973944e+001
 -1.2393893e+002  4.5973952e+001
 -1.2393895e+002  4.5973944e+001
 -1.2393896e+002  4.5973820e+001
 -1.2393900e+002  4.5973696e+001
 -1.2393904e+002  4.5973571e+001
 -1.2393904e+002  4.5973541e+001
 -1.2393905e+002  4.5973447e+001
 -1.2393906e+002  4.5973323e+001
 -1.2393915e+002  4.5973212e+001
 -1.2393927e+002  4.5973218e+001
 -1.2393938e+002  4.5973269e+001
 -1.2393944e+002  4.5973323e+001
 -1.2393949e+002  4.5973351e+001
 -1.2393954e+002  4.5973323e+001
 -1.2393960e+002  4.5973293e+001
 -1.2393971e+002  4.5973265e+001
 -1.2393982e+002  4.5973280e+001
 -1.2393993e+002  4.5973304e+001
 -1.2394002e+002  4.5973323e+001
 -1.2394004e+002  4.5973327e+001
 -1.2394016e+002  4.5973324e+001
 -1.2394018e+002  4.5973323e+001
 -1.2394027e+002  4.5973319e+001
 -1.2394038e+002  4.5973322e+001
 -1.2394049e+002  4.5973322e+001
 -1.2394060e+002  4.5973317e+001
 -1.2394071e+002  4.5973299e+001
 -1.2394082e+002  4.5973281e+001
 -1.2394093e+002  4.5973261e+001
 -1.2394105e+002  4.5973248e+001
 -1.2394116e+002  4.5973237e+001
 -1.2394127e+002  4.5973223e+001
 -1.2394138e+002  4.5973213e+001
 -1.2394149e+002  4.5973203e+001
 -1.2394160e+002  4.5973200e+001
 -1.2394171e+002  4.5973204e+001
 -1.2394182e+002  4.5973208e+001
 -1.2394193e+002  4.5973214e+001
 -1.2394205e+002  4.5973215e+001
 -1.2394216e+002  4.5973219e+001
 -1.2394227e+002  4.5973224e+001
 -1.2394238e+002  4.5973219e+001
 -1.2394249e+002  4.5973212e+001
 -1.2394260e+002  4.5973201e+001
 -1.2394264e+002  4.5973199e+001
 -1.2394271e+002  4.5973193e+001
 -1.2394282e+002  4.5973189e+001
 -1.2394294e+002  4.5973179e+001
 -1.2394305e+002  4.5973179e+001
 -1.2394312e+002  4.5973199e+001
 -1.2394316e+002  4.5973207e+001
 -1.2394327e+002  4.5973263e+001
 -1.2394333e+002  4.5973323e+001
 -1.2394338e+002  4.5973355e+001
 -1.2394348e+002  4.5973447e+001
 -1.2394349e+002  4.5973471e+001
 -1.2394354e+002  4.5973571e+001
 -1.2394358e+002  4.5973696e+001
 -1.2394360e+002  4.5973820e+001
 -1.2394360e+002  4.5973944e+001
 -1.2394360e+002  4.5974068e+001
 -1.2394359e+002  4.5974192e+001
 -1.2394357e+002  4.5974317e+001
 -1.2394357e+002  4.5974441e+001
 -1.2394360e+002  4.5974473e+001
 -1.2394371e+002  4.5974526e+001
 -1.2394383e+002  4.5974555e+001
 -1.2394387e+002  4.5974565e+001
 -1.2394394e+002  4.5974574e+001
 -1.2394405e+002  4.5974590e+001
 -1.2394416e+002  4.5974610e+001
 -1.2394427e+002  4.5974615e+001
 -1.2394438e+002  4.5974628e+001
 -1.2394449e+002  4.5974668e+001
 -1.2394453e+002  4.5974689e+001
 -1.2394460e+002  4.5974711e+001
 -1.2394472e+002  4.5974745e+001
 -1.2394483e+002  4.5974749e+001
 -1.2394494e+002  4.5974752e+001
 -1.2394505e+002  4.5974765e+001
 -1.2394516e+002  4.5974783e+001
 -1.2394526e+002  4.5974814e+001
 -1.2394527e+002  4.5974816e+001
 -1.2394538e+002  4.5974838e+001
 -1.2394549e+002  4.5974867e+001
 -1.2394550e+002  4.5974869e+001
