 -1.2392608e+002  4.6019991e+001
 -1.2392603e+002  4.6019917e+001
 -1.2392601e+002  4.6019901e+001
 -1.2392597e+002  4.6019777e+001
 -1.2392595e+002  4.6019653e+001
 -1.2392593e+002  4.6019529e+001
 -1.2392592e+002  4.6019456e+001
 -1.2392591e+002  4.6019405e+001
 -1.2392584e+002  4.6019280e+001
 -1.2392581e+002  4.6019222e+001
 -1.2392577e+002  4.6019156e+001
 -1.2392572e+002  4.6019032e+001
 -1.2392570e+002  4.6018923e+001
 -1.2392569e+002  4.6018908e+001
 -1.2392566e+002  4.6018783e+001
 -1.2392564e+002  4.6018659e+001
 -1.2392561e+002  4.6018535e+001
 -1.2392559e+002  4.6018411e+001
 -1.2392558e+002  4.6018398e+001
 -1.2392557e+002  4.6018287e+001
 -1.2392552e+002  4.6018162e+001
 -1.2392548e+002  4.6018038e+001
 -1.2392547e+002  4.6018016e+001
 -1.2392544e+002  4.6017914e+001
 -1.2392539e+002  4.6017790e+001
 -1.2392536e+002  4.6017748e+001
 -1.2392530e+002  4.6017666e+001
 -1.2392525e+002  4.6017602e+001
 -1.2392521e+002  4.6017541e+001
 -1.2392518e+002  4.6017417e+001
 -1.2392516e+002  4.6017293e+001
 -1.2392514e+002  4.6017169e+001
 -1.2392514e+002  4.6017169e+001
 -1.2392509e+002  4.6017045e+001
 -1.2392503e+002  4.6016921e+001
 -1.2392503e+002  4.6016920e+001
 -1.2392501e+002  4.6016796e+001
 -1.2392500e+002  4.6016672e+001
 -1.2392493e+002  4.6016548e+001
 -1.2392492e+002  4.6016533e+001
 -1.2392484e+002  4.6016424e+001
 -1.2392481e+002  4.6016385e+001
 -1.2392470e+002  4.6016339e+001
 -1.2392458e+002  4.6016364e+001
 -1.2392452e+002  4.6016424e+001
 -1.2392450e+002  4.6016548e+001
 -1.2392447e+002  4.6016655e+001
 -1.2392447e+002  4.6016672e+001
 -1.2392441e+002  4.6016796e+001
 -1.2392436e+002  4.6016864e+001
 -1.2392429e+002  4.6016920e+001
 -1.2392425e+002  4.6016958e+001
 -1.2392414e+002  4.6016998e+001
 -1.2392403e+002  4.6017012e+001
 -1.2392392e+002  4.6017034e+001
 -1.2392388e+002  4.6017045e+001
 -1.2392381e+002  4.6017062e+001
 -1.2392369e+002  4.6017094e+001
 -1.2392358e+002  4.6017124e+001
 -1.2392351e+002  4.6017169e+001
 -1.2392347e+002  4.6017215e+001
 -1.2392337e+002  4.6017293e+001
 -1.2392336e+002  4.6017310e+001
 -1.2392325e+002  4.6017379e+001
 -1.2392314e+002  4.6017411e+001
 -1.2392312e+002  4.6017417e+001
 -1.2392303e+002  4.6017459e+001
 -1.2392293e+002  4.6017541e+001
 -1.2392292e+002  4.6017570e+001
 -1.2392280e+002  4.6017661e+001
 -1.2392279e+002  4.6017666e+001
 -1.2392269e+002  4.6017695e+001
 -1.2392258e+002  4.6017711e+001
 -1.2392247e+002  4.6017732e+001
 -1.2392239e+002  4.6017790e+001
 -1.2392236e+002  4.6017835e+001
 -1.2392227e+002  4.6017914e+001
 -1.2392225e+002  4.6017932e+001
 -1.2392214e+002  4.6018019e+001
 -1.2392211e+002  4.6018038e+001
 -1.2392203e+002  4.6018146e+001
 -1.2392201e+002  4.6018162e+001
 -1.2392192e+002  4.6018287e+001
 -1.2392191e+002  4.6018297e+001
 -1.2392188e+002  4.6018411e+001
 -1.2392185e+002  4.6018535e+001
 -1.2392182e+002  4.6018659e+001
 -1.2392180e+002  4.6018720e+001
 -1.2392179e+002  4.6018783e+001
 -1.2392175e+002  4.6018908e+001
 -1.2392169e+002  4.6019014e+001
 -1.2392168e+002  4.6019032e+001
 -1.2392161e+002  4.6019156e+001
 -1.2392158e+002  4.6019240e+001
 -1.2392157e+002  4.6019280e+001
 -1.2392156e+002  4.6019405e+001
 -1.2392157e+002  4.6019529e+001
 -1.2392158e+002  4.6019591e+001
 -1.2392160e+002  4.6019653e+001
 -1.2392165e+002  4.6019777e+001
 -1.2392169e+002  4.6019837e+001
 -1.2392175e+002  4.6019901e+001
 -1.2392177e+002  4.6019991e+001
 -1.2390472e+002  4.6019991e+001
 -1.2390467e+002  4.6019967e+001
 -1.2390462e+002  4.6019901e+001
 -1.2390459e+002  4.6019777e+001
 -1.2390459e+002  4.6019653e+001
 -1.2390459e+002  4.6019529e+001
 -1.2390458e+002  4.6019405e+001
 -1.2390456e+002  4.6019345e+001
 -1.2390455e+002  4.6019280e+001
 -1.2390451e+002  4.6019156e+001
 -1.2390448e+002  4.6019032e+001
 -1.2390445e+002  4.6018932e+001
 -1.2390444e+002  4.6018908e+001
 -1.2390434e+002  4.6018794e+001
 -1.2390433e+002  4.6018783e+001
 -1.2390423e+002  4.6018666e+001
 -1.2390422e+002  4.6018659e+001
 -1.2390413e+002  4.6018535e+001
 -1.2390412e+002  4.6018515e+001
 -1.2390406e+002  4.6018411e+001
 -1.2390403e+002  4.6018287e+001
 -1.2390401e+002  4.6018205e+001
 -1.2390400e+002  4.6018162e+001
 -1.2390398e+002  4.6018038e+001
 -1.2390400e+002  4.6017914e+001
 -1.2390401e+002  4.6017863e+001
 -1.2390402e+002  4.6017790e+001
 -1.2390401e+002  4.6017761e+001
 -1.2390398e+002  4.6017666e+001
 -1.2390396e+002  4.6017541e+001
 -1.2390394e+002  4.6017417e+001
 -1.2390394e+002  4.6017293e+001
 -1.2390397e+002  4.6017169e+001
 -1.2390401e+002  4.6017103e+001
 -1.2390405e+002  4.6017045e+001
 -1.2390412e+002  4.6016992e+001
 -1.2390418e+002  4.6016920e+001
 -1.2390421e+002  4.6016796e+001
 -1.2390423e+002  4.6016736e+001
 -1.2390425e+002  4.6016672e+001
 -1.2390434e+002  4.6016572e+001
 -1.2390437e+002  4.6016548e+001
 -1.2390445e+002  4.6016489e+001
 -1.2390450e+002  4.6016424e+001
 -1.2390453e+002  4.6016299e+001
 -1.2390456e+002  4.6016175e+001
 -1.2390456e+002  4.6016136e+001
 -1.2390458e+002  4.6016051e+001
 -1.2390463e+002  4.6015927e+001
 -1.2390467e+002  4.6015845e+001
 -1.2390470e+002  4.6015802e+001
 -1.2390477e+002  4.6015678e+001
 -1.2390479e+002  4.6015641e+001
 -1.2390482e+002  4.6015554e+001
 -1.2390486e+002  4.6015430e+001
 -1.2390490e+002  4.6015347e+001
 -1.2390491e+002  4.6015306e+001
 -1.2390495e+002  4.6015181e+001
 -1.2390499e+002  4.6015057e+001
 -1.2390501e+002  4.6014999e+001
 -1.2390502e+002  4.6014933e+001
 -1.2390504e+002  4.6014809e+001
 -1.2390507e+002  4.6014685e+001
 -1.2390508e+002  4.6014560e+001
 -1.2390509e+002  4.6014436e+001
 -1.2390510e+002  4.6014312e+001
 -1.2390510e+002  4.6014188e+001
 -1.2390510e+002  4.6014064e+001
 -1.2390509e+002  4.6013939e+001
 -1.2390509e+002  4.6013815e+001
 -1.2390509e+002  4.6013691e+001
 -1.2390508e+002  4.6013567e+001
 -1.2390508e+002  4.6013443e+001
 -1.2390507e+002  4.6013318e+001
 -1.2390505e+002  4.6013194e+001
 -1.2390503e+002  4.6013070e+001
 -1.2390501e+002  4.6012982e+001
 -1.2390499e+002  4.6012946e+001
 -1.2390496e+002  4.6012821e+001
 -1.2390493e+002  4.6012697e+001
 -1.2390490e+002  4.6012579e+001
 -1.2390489e+002  4.6012573e+001
 -1.2390482e+002  4.6012449e+001
 -1.2390479e+002  4.6012415e+001
 -1.2390470e+002  4.6012325e+001
 -1.2390467e+002  4.6012307e+001
 -1.2390457e+002  4.6012200e+001
 -1.2390456e+002  4.6012193e+001
 -1.2390445e+002  4.6012117e+001
 -1.2390438e+002  4.6012076e+001
 -1.2390434e+002  4.6012057e+001
 -1.2390423e+002  4.6011964e+001
 -1.2390422e+002  4.6011952e+001
 -1.2390412e+002  4.6011880e+001
 -1.2390404e+002  4.6011828e+001
 -1.2390401e+002  4.6011799e+001
 -1.2390393e+002  4.6011704e+001
 -1.2390390e+002  4.6011672e+001
 -1.2390378e+002  4.6011647e+001
 -1.2390367e+002  4.6011641e+001
 -1.2390356e+002  4.6011629e+001
 -1.2390345e+002  4.6011595e+001
 -1.2390341e+002  4.6011579e+001
 -1.2390334e+002  4.6011553e+001
 -1.2390323e+002  4.6011531e+001
 -1.2390312e+002  4.6011518e+001
 -1.2390301e+002  4.6011484e+001
 -1.2390297e+002  4.6011455e+001
 -1.2390289e+002  4.6011387e+001
 -1.2390286e+002  4.6011331e+001
 -1.2390278e+002  4.6011268e+001
 -1.2390267e+002  4.6011222e+001
 -1.2390263e+002  4.6011207e+001
 -1.2390256e+002  4.6011178e+001
 -1.2390245e+002  4.6011116e+001
 -1.2390241e+002  4.6011083e+001
 -1.2390234e+002  4.6011027e+001
 -1.2390225e+002  4.6010958e+001
 -1.2390223e+002  4.6010937e+001
 -1.2390212e+002  4.6010878e+001
 -1.2390204e+002  4.6010834e+001
 -1.2390201e+002  4.6010819e+001
 -1.2390189e+002  4.6010769e+001
 -1.2390181e+002  4.6010710e+001
 -1.2390178e+002  4.6010687e+001
 -1.2390171e+002  4.6010586e+001
 -1.2390167e+002  4.6010529e+001
 -1.2390156e+002  4.6010463e+001
 -1.2390156e+002  4.6010461e+001
 -1.2390145e+002  4.6010427e+001
 -1.2390134e+002  4.6010395e+001
 -1.2390124e+002  4.6010337e+001
 -1.2390123e+002  4.6010331e+001
 -1.2390112e+002  4.6010241e+001
 -1.2390104e+002  4.6010213e+001
 -1.2390100e+002  4.6010206e+001
 -1.2390089e+002  4.6010187e+001
 -1.2390078e+002  4.6010165e+001
 -1.2390067e+002  4.6010156e+001
 -1.2390056e+002  4.6010159e+001
 -1.2390045e+002  4.6010176e+001
 -1.2390034e+002  4.6010186e+001
 -1.2390023e+002  4.6010179e+001
 -1.2390011e+002  4.6010165e+001
 -1.2390000e+002  4.6010141e+001
 -1.2389989e+002  4.6010147e+001
 -1.2389978e+002  4.6010159e+001
 -1.2389968e+002  4.6010089e+001
 -1.2389967e+002  4.6010079e+001
 -1.2389963e+002  4.6009965e+001
 -1.2389960e+002  4.6009840e+001
 -1.2389959e+002  4.6009716e+001
 -1.2389962e+002  4.6009592e+001
 -1.2389967e+002  4.6009508e+001
 -1.2389969e+002  4.6009468e+001
 -1.2389977e+002  4.6009344e+001
 -1.2389978e+002  4.6009328e+001
 -1.2389989e+002  4.6009226e+001
 -1.2389990e+002  4.6009219e+001
 -1.2389996e+002  4.6009095e+001
 -1.2390000e+002  4.6009027e+001
 -1.2390003e+002  4.6008971e+001
 -1.2390010e+002  4.6008847e+001
 -1.2390011e+002  4.6008820e+001
 -1.2390019e+002  4.6008723e+001
 -1.2390023e+002  4.6008692e+001
 -1.2390032e+002  4.6008598e+001
 -1.2390034e+002  4.6008571e+001
 -1.2390041e+002  4.6008474e+001
 -1.2390045e+002  4.6008442e+001
 -1.2390051e+002  4.6008350e+001
 -1.2390056e+002  4.6008259e+001
 -1.2390057e+002  4.6008226e+001
 -1.2390060e+002  4.6008102e+001
 -1.2390059e+002  4.6007977e+001
 -1.2390060e+002  4.6007853e+001
 -1.2390062e+002  4.6007729e+001
 -1.2390066e+002  4.6007605e+001
 -1.2390067e+002  4.6007583e+001
 -1.2390075e+002  4.6007480e+001
 -1.2390078e+002  4.6007441e+001
 -1.2390086e+002  4.6007356e+001
 -1.2390089e+002  4.6007329e+001
 -1.2390100e+002  4.6007274e+001
 -1.2390112e+002  4.6007248e+001
 -1.2390115e+002  4.6007232e+001
 -1.2390123e+002  4.6007157e+001
 -1.2390134e+002  4.6007113e+001
 -1.2390139e+002  4.6007108e+001
 -1.2390145e+002  4.6007096e+001
 -1.2390156e+002  4.6007104e+001
 -1.2390158e+002  4.6007108e+001
 -1.2390167e+002  4.6007119e+001
 -1.2390178e+002  4.6007115e+001
 -1.2390184e+002  4.6007108e+001
 -1.2390189e+002  4.6007097e+001
 -1.2390201e+002  4.6007058e+001
 -1.2390212e+002  4.6007022e+001
 -1.2390223e+002  4.6006993e+001
 -1.2390224e+002  4.6006984e+001
 -1.2390234e+002  4.6006878e+001
 -1.2390236e+002  4.6006859e+001
 -1.2390245e+002  4.6006789e+001
 -1.2390256e+002  4.6006740e+001
 -1.2390257e+002  4.6006735e+001
 -1.2390267e+002  4.6006688e+001
 -1.2390278e+002  4.6006629e+001
 -1.2390280e+002  4.6006611e+001
 -1.2390288e+002  4.6006487e+001
 -1.2390289e+002  4.6006474e+001
 -1.2390301e+002  4.6006400e+001
 -1.2390306e+002  4.6006363e+001
 -1.2390312e+002  4.6006303e+001
 -1.2390320e+002  4.6006238e+001
 -1.2390323e+002  4.6006214e+001
 -1.2390334e+002  4.6006138e+001
 -1.2390336e+002  4.6006114e+001
 -1.2390345e+002  4.6006017e+001
 -1.2390350e+002  4.6005990e+001
 -1.2390356e+002  4.6005963e+001
 -1.2390367e+002  4.6005938e+001
 -1.2390378e+002  4.6005925e+001
 -1.2390390e+002  4.6005911e+001
 -1.2390401e+002  4.6005874e+001
 -1.2390403e+002  4.6005866e+001
 -1.2390412e+002  4.6005812e+001
 -1.2390423e+002  4.6005744e+001
 -1.2390423e+002  4.6005742e+001
 -1.2390434e+002  4.6005640e+001
 -1.2390436e+002  4.6005617e+001
 -1.2390442e+002  4.6005493e+001
 -1.2390441e+002  4.6005369e+001
 -1.2390435e+002  4.6005245e+001
 -1.2390434e+002  4.6005236e+001
 -1.2390423e+002  4.6005164e+001
 -1.2390417e+002  4.6005121e+001
 -1.2390412e+002  4.6005092e+001
 -1.2390401e+002  4.6005013e+001
 -1.2390399e+002  4.6004996e+001
 -1.2390390e+002  4.6004937e+001
 -1.2390378e+002  4.6004880e+001
 -1.2390377e+002  4.6004872e+001
 -1.2390367e+002  4.6004823e+001
 -1.2390356e+002  4.6004748e+001
 -1.2390356e+002  4.6004748e+001
 -1.2390345e+002  4.6004656e+001
 -1.2390342e+002  4.6004624e+001
 -1.2390335e+002  4.6004499e+001
 -1.2390334e+002  4.6004375e+001
 -1.2390340e+002  4.6004251e+001
 -1.2390345e+002  4.6004179e+001
 -1.2390350e+002  4.6004127e+001
 -1.2390356e+002  4.6004072e+001
 -1.2390367e+002  4.6004014e+001
 -1.2390370e+002  4.6004003e+001
 -1.2390378e+002  4.6003977e+001
 -1.2390390e+002  4.6003959e+001
 -1.2390401e+002  4.6003944e+001
 -1.2390412e+002  4.6003935e+001
 -1.2390423e+002  4.6003906e+001
 -1.2390434e+002  4.6003879e+001
 -1.2390435e+002  4.6003878e+001
 -1.2390445e+002  4.6003834e+001
 -1.2390456e+002  4.6003769e+001
 -1.2390461e+002  4.6003754e+001
 -1.2390467e+002  4.6003725e+001
 -1.2390479e+002  4.6003693e+001
 -1.2390490e+002  4.6003680e+001
 -1.2390501e+002  4.6003677e+001
 -1.2390512e+002  4.6003663e+001
 -1.2390523e+002  4.6003654e+001
 -1.2390530e+002  4.6003630e+001
 -1.2390534e+002  4.6003595e+001
 -1.2390545e+002  4.6003530e+001
 -1.2390549e+002  4.6003506e+001
 -1.2390556e+002  4.6003444e+001
 -1.2390560e+002  4.6003382e+001
 -1.2390562e+002  4.6003257e+001
 -1.2390563e+002  4.6003133e+001
 -1.2390565e+002  4.6003009e+001
 -1.2390568e+002  4.6002919e+001
 -1.2390569e+002  4.6002885e+001
 -1.2390573e+002  4.6002761e+001
 -1.2390569e+002  4.6002636e+001
 -1.2390568e+002  4.6002552e+001
 -1.2390567e+002  4.6002512e+001
 -1.2390568e+002  4.6002452e+001
 -1.2390568e+002  4.6002388e+001
 -1.2390574e+002  4.6002264e+001
 -1.2390577e+002  4.6002139e+001
 -1.2390579e+002  4.6002082e+001
 -1.2390581e+002  4.6002015e+001
 -1.2390590e+002  4.6001892e+001
 -1.2390590e+002  4.6001891e+001
 -1.2390601e+002  4.6001859e+001
 -1.2390612e+002  4.6001870e+001
 -1.2390614e+002  4.6001891e+001
 -1.2390623e+002  4.6001959e+001
 -1.2390629e+002  4.6002015e+001
 -1.2390634e+002  4.6002055e+001
 -1.2390644e+002  4.6002139e+001
 -1.2390645e+002  4.6002152e+001
 -1.2390656e+002  4.6002264e+001
 -1.2390657e+002  4.6002266e+001
 -1.2390668e+002  4.6002329e+001
 -1.2390679e+002  4.6002387e+001
 -1.2390679e+002  4.6002388e+001
 -1.2390690e+002  4.6002471e+001
 -1.2390701e+002  4.6002508e+001
 -1.2390704e+002  4.6002512e+001
 -1.2390712e+002  4.6002516e+001
 -1.2390723e+002  4.6002523e+001
 -1.2390734e+002  4.6002524e+001
 -1.2390746e+002  4.6002524e+001
 -1.2390749e+002  4.6002512e+001
 -1.2390757e+002  4.6002438e+001
 -1.2390767e+002  4.6002388e+001
 -1.2390768e+002  4.6002380e+001
 -1.2390779e+002  4.6002353e+001
 -1.2390790e+002  4.6002365e+001
 -1.2390796e+002  4.6002388e+001
 -1.2390801e+002  4.6002401e+001
 -1.2390812e+002  4.6002415e+001
 -1.2390823e+002  4.6002420e+001
 -1.2390833e+002  4.6002388e+001
 -1.2390834e+002  4.6002378e+001
 -1.2390840e+002  4.6002264e+001
 -1.2390846e+002  4.6002160e+001
 -1.2390847e+002  4.6002139e+001
 -1.2390856e+002  4.6002015e+001
 -1.2390857e+002  4.6002008e+001
 -1.2390865e+002  4.6001891e+001
 -1.2390868e+002  4.6001814e+001
 -1.2390870e+002  4.6001767e+001
 -1.2390876e+002  4.6001643e+001
 -1.2390879e+002  4.6001604e+001
 -1.2390884e+002  4.6001518e+001
 -1.2390890e+002  4.6001456e+001
 -1.2390894e+002  4.6001394e+001
 -1.2390899e+002  4.6001270e+001
 -1.2390901e+002  4.6001228e+001
 -1.2390907e+002  4.6001146e+001
 -1.2390912e+002  4.6001080e+001
 -1.2390918e+002  4.6001022e+001
 -1.2390923e+002  4.6000957e+001
 -1.2390928e+002  4.6000897e+001
 -1.2390935e+002  4.6000804e+001
 -1.2390936e+002  4.6000773e+001
 -1.2390946e+002  4.6000664e+001
 -1.2390947e+002  4.6000649e+001
 -1.2390955e+002  4.6000525e+001
 -1.2390957e+002  4.6000466e+001
 -1.2390960e+002  4.6000401e+001
 -1.2390965e+002  4.6000276e+001
 -1.2390968e+002  4.6000240e+001
 -1.2390979e+002  4.6000157e+001
 -1.2390980e+002  4.6000152e+001
 -1.2390990e+002  4.6000054e+001
 -1.2390992e+002  4.6000028e+001
 -1.2391001e+002  4.5999944e+001
 -1.2391005e+002  4.5999904e+001
 -1.2391012e+002  4.5999816e+001
 -1.2391015e+002  4.5999780e+001
 -1.2391024e+002  4.5999669e+001
 -1.2391025e+002  4.5999655e+001
 -1.2391035e+002  4.5999553e+001
 -1.2391036e+002  4.5999531e+001
 -1.2391045e+002  4.5999407e+001
 -1.2391046e+002  4.5999403e+001
 -1.2391055e+002  4.5999283e+001
 -1.2391057e+002  4.5999262e+001
 -1.2391063e+002  4.5999158e+001
 -1.2391067e+002  4.5999034e+001
 -1.2391068e+002  4.5998968e+001
 -1.2391069e+002  4.5998910e+001
 -1.2391068e+002  4.5998886e+001
 -1.2391064e+002  4.5998786e+001
 -1.2391057e+002  4.5998679e+001
 -1.2391055e+002  4.5998662e+001
 -1.2391046e+002  4.5998568e+001
 -1.2391043e+002  4.5998537e+001
 -1.2391035e+002  4.5998413e+001
 -1.2391035e+002  4.5998405e+001
 -1.2391028e+002  4.5998289e+001
 -1.2391024e+002  4.5998243e+001
 -1.2391013e+002  4.5998165e+001
 -1.2391012e+002  4.5998159e+001
 -1.2391001e+002  4.5998064e+001
 -1.2390997e+002  4.5998041e+001
 -1.2390990e+002  4.5998021e+001
 -1.2390979e+002  4.5997979e+001
 -1.2390968e+002  4.5997916e+001
 -1.2390968e+002  4.5997914e+001
 -1.2390957e+002  4.5997872e+001
 -1.2390946e+002  4.5997823e+001
 -1.2390935e+002  4.5997814e+001
 -1.2390926e+002  4.5997792e+001
 -1.2390923e+002  4.5997790e+001
 -1.2390912e+002  4.5997764e+001
 -1.2390901e+002  4.5997739e+001
 -1.2390890e+002  4.5997687e+001
 -1.2390885e+002  4.5997668e+001
 -1.2390879e+002  4.5997648e+001
 -1.2390868e+002  4.5997622e+001
 -1.2390857e+002  4.5997588e+001
 -1.2390850e+002  4.5997544e+001
 -1.2390846e+002  4.5997517e+001
 -1.2390834e+002  4.5997439e+001
 -1.2390831e+002  4.5997420e+001
 -1.2390823e+002  4.5997379e+001
 -1.2390812e+002  4.5997305e+001
 -1.2390811e+002  4.5997295e+001
 -1.2390801e+002  4.5997207e+001
 -1.2390798e+002  4.5997171e+001
 -1.2390790e+002  4.5997068e+001
 -1.2390789e+002  4.5997047e+001
 -1.2390787e+002  4.5996923e+001
 -1.2390788e+002  4.5996799e+001
 -1.2390790e+002  4.5996749e+001
 -1.2390794e+002  4.5996674e+001
 -1.2390801e+002  4.5996604e+001
 -1.2390812e+002  4.5996550e+001
 -1.2390812e+002  4.5996548e+001
 -1.2390823e+002  4.5996500e+001
 -1.2390834e+002  4.5996447e+001
 -1.2390836e+002  4.5996426e+001
 -1.2390844e+002  4.5996302e+001
 -1.2390846e+002  4.5996276e+001
 -1.2390856e+002  4.5996177e+001
 -1.2390857e+002  4.5996171e+001
 -1.2390868e+002  4.5996074e+001
 -1.2390870e+002  4.5996053e+001
 -1.2390879e+002  4.5995971e+001
 -1.2390884e+002  4.5995929e+001
 -1.2390890e+002  4.5995882e+001
 -1.2390896e+002  4.5995805e+001
 -1.2390901e+002  4.5995718e+001
 -1.2390905e+002  4.5995681e+001
 -1.2390912e+002  4.5995627e+001
 -1.2390922e+002  4.5995556e+001
 -1.2390923e+002  4.5995531e+001
 -1.2390935e+002  4.5995436e+001
 -1.2390935e+002  4.5995432e+001
 -1.2390946e+002  4.5995369e+001
 -1.2390955e+002  4.5995308e+001
 -1.2390957e+002  4.5995285e+001
 -1.2390968e+002  4.5995203e+001
 -1.2390973e+002  4.5995184e+001
 -1.2390979e+002  4.5995150e+001
 -1.2390990e+002  4.5995127e+001
 -1.2391001e+002  4.5995121e+001
 -1.2391012e+002  4.5995110e+001
 -1.2391024e+002  4.5995107e+001
 -1.2391035e+002  4.5995097e+001
 -1.2391046e+002  4.5995099e+001
 -1.2391057e+002  4.5995111e+001
 -1.2391068e+002  4.5995111e+001
 -1.2391079e+002  4.5995111e+001
 -1.2391090e+002  4.5995102e+001
 -1.2391101e+002  4.5995098e+001
 -1.2391113e+002  4.5995095e+001
 -1.2391124e+002  4.5995075e+001
 -1.2391133e+002  4.5995060e+001
 -1.2391135e+002  4.5995049e+001
 -1.2391143e+002  4.5994935e+001
 -1.2391146e+002  4.5994876e+001
 -1.2391149e+002  4.5994811e+001
 -1.2391157e+002  4.5994687e+001
 -1.2391157e+002  4.5994682e+001
 -1.2391168e+002  4.5994563e+001
 -1.2391168e+002  4.5994560e+001
 -1.2391179e+002  4.5994461e+001
 -1.2391184e+002  4.5994439e+001
 -1.2391190e+002  4.5994382e+001
 -1.2391202e+002  4.5994318e+001
 -1.2391202e+002  4.5994314e+001
 -1.2391213e+002  4.5994261e+001
 -1.2391224e+002  4.5994211e+001
 -1.2391226e+002  4.5994190e+001
 -1.2391234e+002  4.5994066e+001
 -1.2391235e+002  4.5994056e+001
 -1.2391246e+002  4.5993965e+001
 -1.2391249e+002  4.5993942e+001
 -1.2391255e+002  4.5993817e+001
 -1.2391257e+002  4.5993774e+001
 -1.2391260e+002  4.5993693e+001
 -1.2391267e+002  4.5993569e+001
 -1.2391268e+002  4.5993559e+001
 -1.2391276e+002  4.5993445e+001
 -1.2391279e+002  4.5993417e+001
 -1.2391284e+002  4.5993321e+001
 -1.2391285e+002  4.5993196e+001
 -1.2391286e+002  4.5993072e+001
 -1.2391288e+002  4.5992948e+001
 -1.2391290e+002  4.5992824e+001
 -1.2391291e+002  4.5992773e+001
 -1.2391291e+002  4.5992700e+001
 -1.2391294e+002  4.5992575e+001
 -1.2391298e+002  4.5992451e+001
 -1.2391302e+002  4.5992383e+001
 -1.2391303e+002  4.5992327e+001
 -1.2391308e+002  4.5992203e+001
 -1.2391312e+002  4.5992079e+001
 -1.2391313e+002  4.5992063e+001
 -1.2391317e+002  4.5991954e+001
 -1.2391324e+002  4.5991880e+001
 -1.2391328e+002  4.5991830e+001
 -1.2391335e+002  4.5991775e+001
 -1.2391340e+002  4.5991706e+001
 -1.2391342e+002  4.5991582e+001
 -1.2391345e+002  4.5991458e+001
 -1.2391346e+002  4.5991415e+001
 -1.2391348e+002  4.5991333e+001
 -1.2391352e+002  4.5991209e+001
 -1.2391357e+002  4.5991097e+001
 -1.2391358e+002  4.5991085e+001
 -1.2391362e+002  4.5990961e+001
 -1.2391365e+002  4.5990836e+001
 -1.2391368e+002  4.5990712e+001
 -1.2391368e+002  4.5990675e+001
 -1.2391369e+002  4.5990588e+001
 -1.2391370e+002  4.5990464e+001
 -1.2391370e+002  4.5990340e+001
 -1.2391372e+002  4.5990215e+001
 -1.2391374e+002  4.5990091e+001
 -1.2391377e+002  4.5989967e+001
 -1.2391380e+002  4.5989881e+001
 -1.2391380e+002  4.5989843e+001
 -1.2391382e+002  4.5989719e+001
 -1.2391381e+002  4.5989594e+001
 -1.2391380e+002  4.5989470e+001
 -1.2391380e+002  4.5989456e+001
 -1.2391375e+002  4.5989346e+001
 -1.2391372e+002  4.5989222e+001
 -1.2391370e+002  4.5989098e+001
 -1.2391368e+002  4.5989001e+001
 -1.2391368e+002  4.5988973e+001
 -1.2391363e+002  4.5988849e+001
 -1.2391357e+002  4.5988790e+001
 -1.2391350e+002  4.5988725e+001
 -1.2391346e+002  4.5988680e+001
 -1.2391342e+002  4.5988601e+001
 -1.2391335e+002  4.5988500e+001
 -1.2391331e+002  4.5988477e+001
 -1.2391324e+002  4.5988450e+001
 -1.2391313e+002  4.5988445e+001
 -1.2391302e+002  4.5988436e+001
 -1.2391291e+002  4.5988367e+001
 -1.2391289e+002  4.5988352e+001
 -1.2391279e+002  4.5988312e+001
 -1.2391268e+002  4.5988307e+001
 -1.2391257e+002  4.5988302e+001
 -1.2391246e+002  4.5988291e+001
 -1.2391235e+002  4.5988289e+001
 -1.2391224e+002  4.5988283e+001
 -1.2391213e+002  4.5988289e+001
 -1.2391202e+002  4.5988290e+001
 -1.2391190e+002  4.5988283e+001
 -1.2391179e+002  4.5988284e+001
 -1.2391168e+002  4.5988279e+001
 -1.2391157e+002  4.5988281e+001
 -1.2391146e+002  4.5988275e+001
 -1.2391135e+002  4.5988259e+001
 -1.2391124e+002  4.5988242e+001
 -1.2391119e+002  4.5988228e+001
 -1.2391113e+002  4.5988213e+001
 -1.2391101e+002  4.5988172e+001
 -1.2391091e+002  4.5988104e+001
 -1.2391090e+002  4.5988098e+001
 -1.2391079e+002  4.5988035e+001
 -1.2391069e+002  4.5987980e+001
 -1.2391068e+002  4.5987976e+001
 -1.2391057e+002  4.5987917e+001
 -1.2391047e+002  4.5987855e+001
 -1.2391046e+002  4.5987850e+001
 -1.2391035e+002  4.5987778e+001
 -1.2391030e+002  4.5987731e+001
 -1.2391024e+002  4.5987678e+001
 -1.2391018e+002  4.5987607e+001
 -1.2391014e+002  4.5987483e+001
 -1.2391013e+002  4.5987359e+001
 -1.2391014e+002  4.5987234e+001
 -1.2391016e+002  4.5987110e+001
 -1.2391019e+002  4.5986986e+001
 -1.2391019e+002  4.5986862e+001
 -1.2391019e+002  4.5986738e+001
 -1.2391021e+002  4.5986613e+001
 -1.2391024e+002  4.5986579e+001
 -1.2391035e+002  4.5986513e+001
 -1.2391039e+002  4.5986489e+001
 -1.2391046e+002  4.5986464e+001
 -1.2391057e+002  4.5986424e+001
 -1.2391065e+002  4.5986365e+001
 -1.2391068e+002  4.5986325e+001
 -1.2391079e+002  4.5986249e+001
 -1.2391082e+002  4.5986241e+001
 -1.2391090e+002  4.5986212e+001
 -1.2391101e+002  4.5986194e+001
 -1.2391113e+002  4.5986186e+001
 -1.2391124e+002  4.5986166e+001
 -1.2391135e+002  4.5986150e+001
 -1.2391146e+002  4.5986121e+001
 -1.2391148e+002  4.5986117e+001
 -1.2391157e+002  4.5986084e+001
 -1.2391168e+002  4.5986055e+001
 -1.2391179e+002  4.5986004e+001
 -1.2391183e+002  4.5985992e+001
 -1.2391190e+002  4.5985967e+001
 -1.2391202e+002  4.5985944e+001
 -1.2391213e+002  4.5985935e+001
 -1.2391224e+002  4.5985938e+001
 -1.2391235e+002  4.5985936e+001
 -1.2391246e+002  4.5985938e+001
 -1.2391257e+002  4.5985933e+001
 -1.2391268e+002  4.5985932e+001
 -1.2391279e+002  4.5985937e+001
 -1.2391291e+002  4.5985933e+001
 -1.2391302e+002  4.5985930e+001
 -1.2391313e+002  4.5985915e+001
 -1.2391324e+002  4.5985901e+001
 -1.2391335e+002  4.5985885e+001
 -1.2391338e+002  4.5985868e+001
 -1.2391346e+002  4.5985781e+001
 -1.2391351e+002  4.5985744e+001
 -1.2391357e+002  4.5985689e+001
 -1.2391368e+002  4.5985645e+001
 -1.2391380e+002  4.5985625e+001
 -1.2391383e+002  4.5985620e+001
 -1.2391391e+002  4.5985604e+001
 -1.2391402e+002  4.5985559e+001
 -1.2391413e+002  4.5985509e+001
 -1.2391416e+002  4.5985495e+001
 -1.2391424e+002  4.5985448e+001
 -1.2391435e+002  4.5985412e+001
 -1.2391446e+002  4.5985394e+001
 -1.2391457e+002  4.5985383e+001
 -1.2391468e+002  4.5985376e+001
 -1.2391475e+002  4.5985371e+001
 -1.2391480e+002  4.5985367e+001
 -1.2391491e+002  4.5985362e+001
 -1.2391502e+002  4.5985364e+001
 -1.2391513e+002  4.5985365e+001
 -1.2391524e+002  4.5985358e+001
 -1.2391535e+002  4.5985330e+001
 -1.2391546e+002  4.5985305e+001
 -1.2391557e+002  4.5985300e+001
 -1.2391569e+002  4.5985325e+001
 -1.2391580e+002  4.5985370e+001
 -1.2391581e+002  4.5985371e+001
 -1.2391591e+002  4.5985388e+001
 -1.2391602e+002  4.5985376e+001
 -1.2391605e+002  4.5985371e+001
 -1.2391613e+002  4.5985358e+001
 -1.2391624e+002  4.5985352e+001
 -1.2391635e+002  4.5985371e+001
 -1.2391635e+002  4.5985372e+001
 -1.2391646e+002  4.5985442e+001
 -1.2391653e+002  4.5985495e+001
 -1.2391658e+002  4.5985518e+001
 -1.2391669e+002  4.5985523e+001
 -1.2391671e+002  4.5985495e+001
 -1.2391674e+002  4.5985371e+001
 -1.2391676e+002  4.5985247e+001
 -1.2391680e+002  4.5985168e+001
 -1.2391683e+002  4.5985123e+001
 -1.2391691e+002  4.5985036e+001
 -1.2391700e+002  4.5984999e+001
 -1.2391702e+002  4.5984975e+001
 -1.2391708e+002  4.5984874e+001
 -1.2391706e+002  4.5984750e+001
 -1.2391702e+002  4.5984633e+001
 -1.2391702e+002  4.5984626e+001
 -1.2391696e+002  4.5984502e+001
 -1.2391691e+002  4.5984378e+001
 -1.2391691e+002  4.5984371e+001
 -1.2391687e+002  4.5984253e+001
 -1.2391685e+002  4.5984129e+001
 -1.2391685e+002  4.5984005e+001
 -1.2391687e+002  4.5983881e+001
 -1.2391691e+002  4.5983814e+001
 -1.2391699e+002  4.5983757e+001
 -1.2391702e+002  4.5983724e+001
 -1.2391713e+002  4.5983632e+001
 -1.2391713e+002  4.5983631e+001
 -1.2391720e+002  4.5983508e+001
 -1.2391721e+002  4.5983384e+001
 -1.2391717e+002  4.5983260e+001
 -1.2391713e+002  4.5983227e+001
 -1.2391702e+002  4.5983162e+001
 -1.2391697e+002  4.5983136e+001
 -1.2391691e+002  4.5983117e+001
 -1.2391680e+002  4.5983062e+001
 -1.2391672e+002  4.5983011e+001
 -1.2391669e+002  4.5982999e+001
 -1.2391658e+002  4.5982981e+001
 -1.2391646e+002  4.5982962e+001
 -1.2391635e+002  4.5982932e+001
 -1.2391624e+002  4.5982889e+001
 -1.2391624e+002  4.5982887e+001
 -1.2391613e+002  4.5982857e+001
 -1.2391602e+002  4.5982829e+001
 -1.2391591e+002  4.5982785e+001
 -1.2391587e+002  4.5982763e+001
 -1.2391580e+002  4.5982738e+001
 -1.2391569e+002  4.5982710e+001
 -1.2391557e+002  4.5982679e+001
 -1.2391546e+002  4.5982662e+001
 -1.2391538e+002  4.5982639e+001
 -1.2391535e+002  4.5982634e+001
 -1.2391524e+002  4.5982597e+001
 -1.2391513e+002  4.5982527e+001
 -1.2391512e+002  4.5982514e+001
 -1.2391502e+002  4.5982475e+001
 -1.2391491e+002  4.5982465e+001
 -1.2391480e+002  4.5982454e+001
 -1.2391468e+002  4.5982436e+001
 -1.2391457e+002  4.5982417e+001
 -1.2391450e+002  4.5982390e+001
 -1.2391446e+002  4.5982379e+001
 -1.2391435e+002  4.5982323e+001
 -1.2391429e+002  4.5982266e+001
 -1.2391424e+002  4.5982233e+001
 -1.2391413e+002  4.5982161e+001
 -1.2391409e+002  4.5982142e+001
 -1.2391402e+002  4.5982104e+001
 -1.2391393e+002  4.5982018e+001
 -1.2391391e+002  4.5981994e+001
 -1.2391380e+002  4.5981893e+001
 -1.2391380e+002  4.5981888e+001
 -1.2391368e+002  4.5981827e+001
 -1.2391360e+002  4.5981769e+001
 -1.2391357e+002  4.5981756e+001
 -1.2391346e+002  4.5981647e+001
 -1.2391346e+002  4.5981645e+001
 -1.2391335e+002  4.5981572e+001
 -1.2391324e+002  4.5981523e+001
 -1.2391324e+002  4.5981521e+001
 -1.2391313e+002  4.5981459e+001
 -1.2391307e+002  4.5981397e+001
 -1.2391302e+002  4.5981371e+001
 -1.2391291e+002  4.5981353e+001
 -1.2391279e+002  4.5981333e+001
 -1.2391268e+002  4.5981330e+001
 -1.2391257e+002  4.5981322e+001
 -1.2391246e+002  4.5981294e+001
 -1.2391242e+002  4.5981272e+001
 -1.2391235e+002  4.5981221e+001
 -1.2391230e+002  4.5981148e+001
 -1.2391224e+002  4.5981082e+001
 -1.2391214e+002  4.5981024e+001
 -1.2391213e+002  4.5981015e+001
 -1.2391202e+002  4.5980961e+001
 -1.2391193e+002  4.5980900e+001
 -1.2391190e+002  4.5980880e+001
 -1.2391180e+002  4.5980776e+001
 -1.2391179e+002  4.5980770e+001
 -1.2391168e+002  4.5980663e+001
 -1.2391166e+002  4.5980651e+001
 -1.2391157e+002  4.5980598e+001
 -1.2391146e+002  4.5980533e+001
 -1.2391145e+002  4.5980527e+001
 -1.2391135e+002  4.5980484e+001
 -1.2391124e+002  4.5980415e+001
 -1.2391123e+002  4.5980403e+001
 -1.2391116e+002  4.5980279e+001
 -1.2391113e+002  4.5980244e+001
 -1.2391101e+002  4.5980211e+001
 -1.2391090e+002  4.5980182e+001
 -1.2391084e+002  4.5980155e+001
 -1.2391079e+002  4.5980137e+001
 -1.2391068e+002  4.5980077e+001
 -1.2391063e+002  4.5980030e+001
 -1.2391057e+002  4.5980004e+001
 -1.2391046e+002  4.5979988e+001
 -1.2391035e+002  4.5979960e+001
 -1.2391024e+002  4.5979906e+001
 -1.2391024e+002  4.5979905e+001
 -1.2391012e+002  4.5979795e+001
 -1.2391012e+002  4.5979782e+001
 -1.2391003e+002  4.5979658e+001
 -1.2391001e+002  4.5979628e+001
 -1.2390995e+002  4.5979533e+001
 -1.2390994e+002  4.5979409e+001
 -1.2391001e+002  4.5979321e+001
 -1.2391005e+002  4.5979285e+001
 -1.2391012e+002  4.5979251e+001
 -1.2391024e+002  4.5979229e+001
 -1.2391035e+002  4.5979211e+001
 -1.2391046e+002  4.5979213e+001
 -1.2391057e+002  4.5979233e+001
 -1.2391068e+002  4.5979254e+001
 -1.2391078e+002  4.5979285e+001
 -1.2391079e+002  4.5979290e+001
 -1.2391090e+002  4.5979300e+001
 -1.2391101e+002  4.5979311e+001
 -1.2391113e+002  4.5979342e+001
 -1.2391121e+002  4.5979409e+001
 -1.2391124e+002  4.5979429e+001
 -1.2391135e+002  4.5979510e+001
 -1.2391142e+002  4.5979533e+001
 -1.2391146e+002  4.5979545e+001
 -1.2391157e+002  4.5979554e+001
 -1.2391168e+002  4.5979566e+001
 -1.2391179e+002  4.5979608e+001
 -1.2391186e+002  4.5979658e+001
 -1.2391190e+002  4.5979680e+001
 -1.2391202e+002  4.5979706e+001
 -1.2391213e+002  4.5979739e+001
 -1.2391220e+002  4.5979782e+001
 -1.2391224e+002  4.5979790e+001
 -1.2391235e+002  4.5979808e+001
 -1.2391246e+002  4.5979832e+001
 -1.2391257e+002  4.5979835e+001
 -1.2391268e+002  4.5979841e+001
 -1.2391279e+002  4.5979859e+001
 -1.2391291e+002  4.5979889e+001
 -1.2391294e+002  4.5979906e+001
 -1.2391302e+002  4.5979934e+001
 -1.2391313e+002  4.5979969e+001
 -1.2391324e+002  4.5980026e+001
 -1.2391324e+002  4.5980030e+001
 -1.2391335e+002  4.5980062e+001
 -1.2391346e+002  4.5980073e+001
 -1.2391357e+002  4.5980084e+001
 -1.2391368e+002  4.5980083e+001
 -1.2391380e+002  4.5980092e+001
 -1.2391391e+002  4.5980117e+001
 -1.2391402e+002  4.5980155e+001
 -1.2391402e+002  4.5980155e+001
 -1.2391413e+002  4.5980193e+001
 -1.2391424e+002  4.5980204e+001
 -1.2391435e+002  4.5980207e+001
 -1.2391446e+002  4.5980208e+001
 -1.2391457e+002  4.5980192e+001
 -1.2391468e+002  4.5980174e+001
 -1.2391476e+002  4.5980155e+001
 -1.2391480e+002  4.5980142e+001
 -1.2391491e+002  4.5980093e+001
 -1.2391502e+002  4.5980033e+001
 -1.2391502e+002  4.5980030e+001
 -1.2391508e+002  4.5979906e+001
 -1.2391511e+002  4.5979782e+001
 -1.2391512e+002  4.5979658e+001
 -1.2391512e+002  4.5979533e+001
 -1.2391513e+002  4.5979460e+001
 -1.2391513e+002  4.5979409e+001
 -1.2391519e+002  4.5979285e+001
 -1.2391524e+002  4.5979231e+001
 -1.2391532e+002  4.5979161e+001
 -1.2391535e+002  4.5979129e+001
 -1.2391546e+002  4.5979037e+001
 -1.2391546e+002  4.5979034e+001
 -1.2391557e+002  4.5978941e+001
 -1.2391560e+002  4.5978912e+001
 -1.2391567e+002  4.5978788e+001
 -1.2391569e+002  4.5978749e+001
 -1.2391571e+002  4.5978664e+001
 -1.2391571e+002  4.5978540e+001
 -1.2391570e+002  4.5978416e+001
 -1.2391569e+002  4.5978324e+001
 -1.2391568e+002  4.5978291e+001
 -1.2391567e+002  4.5978167e+001
 -1.2391564e+002  4.5978043e+001
 -1.2391561e+002  4.5977919e+001
 -1.2391559e+002  4.5977795e+001
 -1.2391559e+002  4.5977670e+001
 -1.2391560e+002  4.5977546e+001
 -1.2391560e+002  4.5977422e+001
 -1.2391561e+002  4.5977298e+001
 -1.2391564e+002  4.5977173e+001
 -1.2391569e+002  4.5977053e+001
 -1.2391569e+002  4.5977049e+001
 -1.2391580e+002  4.5976942e+001
 -1.2391582e+002  4.5976925e+001
 -1.2391591e+002  4.5976867e+001
 -1.2391602e+002  4.5976824e+001
 -1.2391613e+002  4.5976805e+001
 -1.2391622e+002  4.5976801e+001
 -1.2391624e+002  4.5976800e+001
 -1.2391635e+002  4.5976798e+001
 -1.2391646e+002  4.5976790e+001
 -1.2391658e+002  4.5976787e+001
 -1.2391669e+002  4.5976795e+001
 -1.2391673e+002  4.5976801e+001
 -1.2391680e+002  4.5976807e+001
 -1.2391691e+002  4.5976824e+001
 -1.2391702e+002  4.5976837e+001
 -1.2391713e+002  4.5976851e+001
 -1.2391724e+002  4.5976873e+001
 -1.2391735e+002  4.5976898e+001
 -1.2391743e+002  4.5976925e+001
 -1.2391747e+002  4.5976931e+001
 -1.2391758e+002  4.5976932e+001
 -1.2391769e+002  4.5976934e+001
 -1.2391780e+002  4.5976936e+001
 -1.2391785e+002  4.5976925e+001
 -1.2391791e+002  4.5976902e+001
 -1.2391802e+002  4.5976868e+001
 -1.2391813e+002  4.5976832e+001
 -1.2391824e+002  4.5976801e+001
 -1.2391824e+002  4.5976797e+001
 -1.2391836e+002  4.5976739e+001
 -1.2391842e+002  4.5976677e+001
 -1.2391847e+002  4.5976623e+001
 -1.2391855e+002  4.5976552e+001
 -1.2391858e+002  4.5976531e+001
 -1.2391869e+002  4.5976444e+001
 -1.2391871e+002  4.5976428e+001
 -1.2391880e+002  4.5976311e+001
 -1.2391881e+002  4.5976304e+001
 -1.2391891e+002  4.5976180e+001
 -1.2391891e+002  4.5976180e+001
 -1.2391900e+002  4.5976056e+001
 -1.2391902e+002  4.5976027e+001
 -1.2391911e+002  4.5975931e+001
 -1.2391913e+002  4.5975910e+001
 -1.2391921e+002  4.5975807e+001
 -1.2391916e+002  4.5975683e+001
 -1.2391913e+002  4.5975652e+001
 -1.2391907e+002  4.5975559e+001
 -1.2391902e+002  4.5975452e+001
 -1.2391901e+002  4.5975435e+001
 -1.2391896e+002  4.5975310e+001
 -1.2391891e+002  4.5975224e+001
 -1.2391888e+002  4.5975186e+001
 -1.2391880e+002  4.5975062e+001
 -1.2391880e+002  4.5975038e+001
 -1.2391879e+002  4.5974938e+001
 -1.2391880e+002  4.5974925e+001
 -1.2391891e+002  4.5974837e+001
 -1.2391902e+002  4.5974823e+001
 -1.2391913e+002  4.5974818e+001
 -1.2391917e+002  4.5974814e+001
 -1.2391925e+002  4.5974802e+001
 -1.2391936e+002  4.5974785e+001
 -1.2391947e+002  4.5974773e+001
 -1.2391958e+002  4.5974757e+001
 -1.2391969e+002  4.5974750e+001
 -1.2391980e+002  4.5974746e+001
 -1.2391991e+002  4.5974753e+001
 -1.2392002e+002  4.5974766e+001
 -1.2392013e+002  4.5974766e+001
 -1.2392025e+002  4.5974764e+001
 -1.2392036e+002  4.5974755e+001
 -1.2392047e+002  4.5974756e+001
 -1.2392058e+002  4.5974775e+001
 -1.2392069e+002  4.5974814e+001
 -1.2392069e+002  4.5974815e+001
 -1.2392080e+002  4.5974868e+001
 -1.2392091e+002  4.5974878e+001
 -1.2392102e+002  4.5974867e+001
 -1.2392114e+002  4.5974863e+001
 -1.2392125e+002  4.5974924e+001
 -1.2392126e+002  4.5974938e+001
 -1.2392136e+002  4.5975034e+001
 -1.2392140e+002  4.5975062e+001
 -1.2392147e+002  4.5975115e+001
 -1.2392156e+002  4.5975186e+001
 -1.2392158e+002  4.5975200e+001
 -1.2392169e+002  4.5975289e+001
 -1.2392173e+002  4.5975310e+001
 -1.2392180e+002  4.5975350e+001
 -1.2392191e+002  4.5975435e+001
 -1.2392191e+002  4.5975441e+001
 -1.2392203e+002  4.5975463e+001
 -1.2392207e+002  4.5975435e+001
 -1.2392214e+002  4.5975332e+001
 -1.2392215e+002  4.5975310e+001
 -1.2392219e+002  4.5975186e+001
 -1.2392225e+002  4.5975062e+001
 -1.2392225e+002  4.5975060e+001
 -1.2392230e+002  4.5974938e+001
 -1.2392235e+002  4.5974814e+001
 -1.2392236e+002  4.5974797e+001
 -1.2392241e+002  4.5974689e+001
 -1.2392246e+002  4.5974565e+001
 -1.2392247e+002  4.5974544e+001
 -1.2392251e+002  4.5974441e+001
 -1.2392256e+002  4.5974317e+001
 -1.2392258e+002  4.5974256e+001
 -1.2392260e+002  4.5974192e+001
 -1.2392264e+002  4.5974068e+001
 -1.2392266e+002  4.5973944e+001
 -1.2392267e+002  4.5973820e+001
 -1.2392267e+002  4.5973696e+001
 -1.2392265e+002  4.5973571e+001
 -1.2392258e+002  4.5973456e+001
 -1.2392258e+002  4.5973447e+001
 -1.2392247e+002  4.5973329e+001
 -1.2392247e+002  4.5973323e+001
 -1.2392238e+002  4.5973199e+001
 -1.2392236e+002  4.5973182e+001
 -1.2392225e+002  4.5973083e+001
 -1.2392224e+002  4.5973075e+001
 -1.2392214e+002  4.5973008e+001
 -1.2392204e+002  4.5972950e+001
 -1.2392203e+002  4.5972944e+001
 -1.2392191e+002  4.5972878e+001
 -1.2392186e+002  4.5972826e+001
 -1.2392180e+002  4.5972706e+001
 -1.2392180e+002  4.5972702e+001
 -1.2392178e+002  4.5972578e+001
 -1.2392180e+002  4.5972484e+001
 -1.2392181e+002  4.5972454e+001
 -1.2392191e+002  4.5972375e+001
 -1.2392201e+002  4.5972329e+001
 -1.2392203e+002  4.5972324e+001
 -1.2392214e+002  4.5972277e+001
 -1.2392225e+002  4.5972229e+001
 -1.2392229e+002  4.5972205e+001
 -1.2392236e+002  4.5972164e+001
 -1.2392247e+002  4.5972117e+001
 -1.2392256e+002  4.5972081e+001
 -1.2392258e+002  4.5972072e+001
 -1.2392269e+002  4.5972003e+001
 -1.2392270e+002  4.5971998e+001
 -1.2393744e+002  4.5971998e+001
 -1.2393749e+002  4.5972059e+001
 -1.2393751e+002  4.5972081e+001
 -1.2393760e+002  4.5972152e+001
 -1.2393767e+002  4.5972205e+001
 -1.2393771e+002  4.5972243e+001
 -1.2393779e+002  4.5972329e+001
 -1.2393782e+002  4.5972359e+001
 -1.2393787e+002  4.5972454e+001
 -1.2393792e+002  4.5972578e+001
 -1.2393793e+002  4.5972598e+001
 -1.2393799e+002  4.5972702e+001
 -1.2393804e+002  4.5972781e+001
 -1.2393812e+002  4.5972826e+001
 -1.2393815e+002  4.5972837e+001
 -1.2393826e+002  4.5972858e+001
 -1.2393838e+002  4.5972901e+001
 -1.2393843e+002  4.5972950e+001
 -1.2393849e+002  4.5973024e+001
 -1.2393851e+002  4.5973075e+001
 -1.2393856e+002  4.5973199e+001
 -1.2393858e+002  4.5973323e+001
 -1.2393860e+002  4.5973368e+001
 -1.2393865e+002  4.5973447e+001
 -1.2393869e+002  4.5973571e+001
 -1.2393871e+002  4.5973651e+001
 -1.2393872e+002  4.5973696e+001
 -1.2393875e+002  4.5973820e+001
 -1.2393877e+002  4.5973944e+001
 -1.2393878e+002  4.5974068e+001
 -1.2393882e+002  4.5974174e+001
 -1.2393883e+002  4.5974192e+001
 -1.2393893e+002  4.5974288e+001
 -1.2393900e+002  4.5974317e+001
 -1.2393904e+002  4.5974336e+001
 -1.2393915e+002  4.5974363e+001
 -1.2393927e+002  4.5974354e+001
 -1.2393938e+002  4.5974334e+001
 -1.2393946e+002  4.5974317e+001
 -1.2393949e+002  4.5974309e+001
 -1.2393960e+002  4.5974268e+001
 -1.2393971e+002  4.5974227e+001
 -1.2393982e+002  4.5974199e+001
 -1.2393987e+002  4.5974192e+001
 -1.2393993e+002  4.5974179e+001
 -1.2394004e+002  4.5974160e+001
 -1.2394016e+002  4.5974109e+001
 -1.2394022e+002  4.5974068e+001
 -1.2394027e+002  4.5974031e+001
 -1.2394038e+002  4.5973949e+001
 -1.2394038e+002  4.5973944e+001
 -1.2394049e+002  4.5973865e+001
 -1.2394053e+002  4.5973820e+001
 -1.2394060e+002  4.5973769e+001
 -1.2394068e+002  4.5973696e+001
 -1.2394071e+002  4.5973670e+001
 -1.2394082e+002  4.5973585e+001
 -1.2394085e+002  4.5973571e+001
 -1.2394093e+002  4.5973541e+001
 -1.2394105e+002  4.5973508e+001
 -1.2394116e+002  4.5973483e+001
 -1.2394127e+002  4.5973462e+001
 -1.2394137e+002  4.5973447e+001
 -1.2394138e+002  4.5973446e+001
 -1.2394149e+002  4.5973427e+001
 -1.2394160e+002  4.5973414e+001
 -1.2394171e+002  4.5973415e+001
 -1.2394182e+002  4.5973423e+001
 -1.2394193e+002  4.5973435e+001
 -1.2394205e+002  4.5973438e+001
 -1.2394216e+002  4.5973441e+001
 -1.2394227e+002  4.5973442e+001
 -1.2394238e+002  4.5973434e+001
 -1.2394249e+002  4.5973422e+001
 -1.2394260e+002  4.5973402e+001
 -1.2394271e+002  4.5973388e+001
 -1.2394282e+002  4.5973389e+001
 -1.2394294e+002  4.5973401e+001
 -1.2394305e+002  4.5973430e+001
 -1.2394309e+002  4.5973447e+001
 -1.2394316e+002  4.5973478e+001
 -1.2394327e+002  4.5973566e+001
 -1.2394328e+002  4.5973571e+001
 -1.2394335e+002  4.5973696e+001
 -1.2394338e+002  4.5973775e+001
 -1.2394340e+002  4.5973820e+001
 -1.2394341e+002  4.5973944e+001
 -1.2394341e+002  4.5974068e+001
 -1.2394339e+002  4.5974192e+001
 -1.2394338e+002  4.5974210e+001
 -1.2394331e+002  4.5974317e+001
 -1.2394327e+002  4.5974441e+001
 -1.2394334e+002  4.5974565e+001
 -1.2394338e+002  4.5974600e+001
 -1.2394349e+002  4.5974642e+001
 -1.2394360e+002  4.5974679e+001
 -1.2394368e+002  4.5974689e+001
 -1.2394371e+002  4.5974691e+001
 -1.2394383e+002  4.5974708e+001
 -1.2394394e+002  4.5974731e+001
 -1.2394405e+002  4.5974739e+001
 -1.2394416e+002  4.5974751e+001
 -1.2394427e+002  4.5974749e+001
 -1.2394438e+002  4.5974753e+001
 -1.2394449e+002  4.5974768e+001
 -1.2394460e+002  4.5974780e+001
 -1.2394472e+002  4.5974799e+001
 -1.2394483e+002  4.5974814e+001
 -1.2394483e+002  4.5974814e+001
 -1.2394494e+002  4.5974829e+001
 -1.2394505e+002  4.5974858e+001
 -1.2394516e+002  4.5974926e+001
 -1.2394517e+002  4.5974938e+001
 -1.2394527e+002  4.5974980e+001
 -1.2394538e+002  4.5974995e+001
 -1.2394549e+002  4.5975008e+001
 -1.2394550e+002  4.5975008e+001
