 -1.2392567e+002  4.6019991e+001
 -1.2392563e+002  4.6019901e+001
 -1.2392562e+002  4.6019777e+001
 -1.2392559e+002  4.6019653e+001
 -1.2392558e+002  4.6019623e+001
 -1.2392555e+002  4.6019529e+001
 -1.2392551e+002  4.6019405e+001
 -1.2392547e+002  4.6019312e+001
 -1.2392546e+002  4.6019280e+001
 -1.2392542e+002  4.6019156e+001
 -1.2392539e+002  4.6019032e+001
 -1.2392536e+002  4.6018961e+001
 -1.2392534e+002  4.6018908e+001
 -1.2392525e+002  4.6018790e+001
 -1.2392525e+002  4.6018783e+001
 -1.2392517e+002  4.6018659e+001
 -1.2392515e+002  4.6018535e+001
 -1.2392514e+002  4.6018411e+001
 -1.2392514e+002  4.6018322e+001
 -1.2392514e+002  4.6018287e+001
 -1.2392512e+002  4.6018162e+001
 -1.2392510e+002  4.6018038e+001
 -1.2392507e+002  4.6017914e+001
 -1.2392504e+002  4.6017790e+001
 -1.2392503e+002  4.6017742e+001
 -1.2392499e+002  4.6017666e+001
 -1.2392495e+002  4.6017541e+001
 -1.2392493e+002  4.6017417e+001
 -1.2392492e+002  4.6017293e+001
 -1.2392492e+002  4.6017279e+001
 -1.2392489e+002  4.6017169e+001
 -1.2392481e+002  4.6017082e+001
 -1.2392476e+002  4.6017045e+001
 -1.2392470e+002  4.6016994e+001
 -1.2392465e+002  4.6016920e+001
 -1.2392470e+002  4.6016816e+001
 -1.2392470e+002  4.6016796e+001
 -1.2392473e+002  4.6016672e+001
 -1.2392470e+002  4.6016604e+001
 -1.2392463e+002  4.6016548e+001
 -1.2392458e+002  4.6016519e+001
 -1.2392447e+002  4.6016528e+001
 -1.2392445e+002  4.6016548e+001
 -1.2392436e+002  4.6016591e+001
 -1.2392425e+002  4.6016626e+001
 -1.2392414e+002  4.6016644e+001
 -1.2392409e+002  4.6016672e+001
 -1.2392403e+002  4.6016757e+001
 -1.2392398e+002  4.6016796e+001
 -1.2392392e+002  4.6016842e+001
 -1.2392381e+002  4.6016911e+001
 -1.2392379e+002  4.6016920e+001
 -1.2392369e+002  4.6016992e+001
 -1.2392360e+002  4.6017045e+001
 -1.2392358e+002  4.6017054e+001
 -1.2392347e+002  4.6017130e+001
 -1.2392336e+002  4.6017169e+001
 -1.2392336e+002  4.6017169e+001
 -1.2392325e+002  4.6017270e+001
 -1.2392321e+002  4.6017293e+001
 -1.2392314e+002  4.6017367e+001
 -1.2392308e+002  4.6017417e+001
 -1.2392303e+002  4.6017470e+001
 -1.2392297e+002  4.6017541e+001
 -1.2392292e+002  4.6017612e+001
 -1.2392284e+002  4.6017666e+001
 -1.2392280e+002  4.6017683e+001
 -1.2392269e+002  4.6017735e+001
 -1.2392258e+002  4.6017784e+001
 -1.2392257e+002  4.6017790e+001
 -1.2392247e+002  4.6017869e+001
 -1.2392243e+002  4.6017914e+001
 -1.2392236e+002  4.6017975e+001
 -1.2392226e+002  4.6018038e+001
 -1.2392225e+002  4.6018046e+001
 -1.2392214e+002  4.6018151e+001
 -1.2392212e+002  4.6018162e+001
 -1.2392203e+002  4.6018248e+001
 -1.2392198e+002  4.6018287e+001
 -1.2392191e+002  4.6018380e+001
 -1.2392190e+002  4.6018411e+001
 -1.2392185e+002  4.6018535e+001
 -1.2392180e+002  4.6018659e+001
 -1.2392180e+002  4.6018661e+001
 -1.2392173e+002  4.6018783e+001
 -1.2392169e+002  4.6018819e+001
 -1.2392160e+002  4.6018908e+001
 -1.2392158e+002  4.6018939e+001
 -1.2392153e+002  4.6019032e+001
 -1.2392147e+002  4.6019136e+001
 -1.2392146e+002  4.6019156e+001
 -1.2392142e+002  4.6019280e+001
 -1.2392138e+002  4.6019405e+001
 -1.2392139e+002  4.6019529e+001
 -1.2392140e+002  4.6019653e+001
 -1.2392142e+002  4.6019777e+001
 -1.2392146e+002  4.6019901e+001
 -1.2392144e+002  4.6019991e+001
 -1.2391165e+002  4.6019991e+001
 -1.2391157e+002  4.6019905e+001
 -1.2391156e+002  4.6019901e+001
 -1.2391146e+002  4.6019813e+001
 -1.2391142e+002  4.6019777e+001
 -1.2391141e+002  4.6019653e+001
 -1.2391138e+002  4.6019529e+001
 -1.2391135e+002  4.6019480e+001
 -1.2391132e+002  4.6019405e+001
 -1.2391128e+002  4.6019280e+001
 -1.2391124e+002  4.6019172e+001
 -1.2391123e+002  4.6019156e+001
 -1.2391113e+002  4.6019032e+001
 -1.2391113e+002  4.6019032e+001
 -1.2391101e+002  4.6018962e+001
 -1.2391090e+002  4.6018930e+001
 -1.2391080e+002  4.6018908e+001
 -1.2391079e+002  4.6018906e+001
 -1.2391068e+002  4.6018907e+001
 -1.2391057e+002  4.6018893e+001
 -1.2391046e+002  4.6018872e+001
 -1.2391035e+002  4.6018849e+001
 -1.2391024e+002  4.6018828e+001
 -1.2391012e+002  4.6018809e+001
 -1.2391001e+002  4.6018792e+001
 -1.2390991e+002  4.6018783e+001
 -1.2390990e+002  4.6018783e+001
 -1.2390979e+002  4.6018778e+001
 -1.2390968e+002  4.6018772e+001
 -1.2390957e+002  4.6018758e+001
 -1.2390946e+002  4.6018747e+001
 -1.2390935e+002  4.6018744e+001
 -1.2390923e+002  4.6018736e+001
 -1.2390912e+002  4.6018694e+001
 -1.2390910e+002  4.6018659e+001
 -1.2390909e+002  4.6018535e+001
 -1.2390912e+002  4.6018436e+001
 -1.2390914e+002  4.6018411e+001
 -1.2390920e+002  4.6018287e+001
 -1.2390923e+002  4.6018162e+001
 -1.2390923e+002  4.6018145e+001
 -1.2390926e+002  4.6018038e+001
 -1.2390931e+002  4.6017914e+001
 -1.2390935e+002  4.6017865e+001
 -1.2390941e+002  4.6017790e+001
 -1.2390946e+002  4.6017725e+001
 -1.2390949e+002  4.6017666e+001
 -1.2390955e+002  4.6017541e+001
 -1.2390957e+002  4.6017510e+001
 -1.2390961e+002  4.6017417e+001
 -1.2390965e+002  4.6017293e+001
 -1.2390968e+002  4.6017232e+001
 -1.2390973e+002  4.6017169e+001
 -1.2390979e+002  4.6017147e+001
 -1.2390990e+002  4.6017106e+001
 -1.2391001e+002  4.6017076e+001
 -1.2391012e+002  4.6017097e+001
 -1.2391021e+002  4.6017169e+001
 -1.2391024e+002  4.6017195e+001
 -1.2391035e+002  4.6017232e+001
 -1.2391046e+002  4.6017285e+001
 -1.2391047e+002  4.6017293e+001
 -1.2391057e+002  4.6017350e+001
 -1.2391068e+002  4.6017417e+001
 -1.2391068e+002  4.6017417e+001
 -1.2391079e+002  4.6017454e+001
 -1.2391090e+002  4.6017439e+001
 -1.2391093e+002  4.6017417e+001
 -1.2391101e+002  4.6017337e+001
 -1.2391104e+002  4.6017293e+001
 -1.2391109e+002  4.6017169e+001
 -1.2391112e+002  4.6017045e+001
 -1.2391113e+002  4.6017013e+001
 -1.2391113e+002  4.6016920e+001
 -1.2391113e+002  4.6016883e+001
 -1.2391109e+002  4.6016796e+001
 -1.2391103e+002  4.6016672e+001
 -1.2391101e+002  4.6016660e+001
 -1.2391090e+002  4.6016587e+001
 -1.2391085e+002  4.6016548e+001
 -1.2391079e+002  4.6016503e+001
 -1.2391074e+002  4.6016424e+001
 -1.2391068e+002  4.6016359e+001
 -1.2391060e+002  4.6016299e+001
 -1.2391057e+002  4.6016288e+001
 -1.2391046e+002  4.6016293e+001
 -1.2391043e+002  4.6016299e+001
 -1.2391035e+002  4.6016337e+001
 -1.2391024e+002  4.6016350e+001
 -1.2391022e+002  4.6016299e+001
 -1.2391012e+002  4.6016181e+001
 -1.2391012e+002  4.6016175e+001
 -1.2391001e+002  4.6016065e+001
 -1.2391000e+002  4.6016051e+001
 -1.2390990e+002  4.6015989e+001
 -1.2390983e+002  4.6015927e+001
 -1.2390979e+002  4.6015897e+001
 -1.2390969e+002  4.6015802e+001
 -1.2390968e+002  4.6015797e+001
 -1.2390957e+002  4.6015765e+001
 -1.2390946e+002  4.6015747e+001
 -1.2390935e+002  4.6015781e+001
 -1.2390931e+002  4.6015802e+001
 -1.2390923e+002  4.6015882e+001
 -1.2390919e+002  4.6015927e+001
 -1.2390912e+002  4.6015997e+001
 -1.2390901e+002  4.6015974e+001
 -1.2390890e+002  4.6015961e+001
 -1.2390879e+002  4.6016006e+001
 -1.2390873e+002  4.6016051e+001
 -1.2390868e+002  4.6016106e+001
 -1.2390857e+002  4.6016158e+001
 -1.2390846e+002  4.6016160e+001
 -1.2390838e+002  4.6016175e+001
 -1.2390836e+002  4.6016299e+001
 -1.2390834e+002  4.6016364e+001
 -1.2390832e+002  4.6016424e+001
 -1.2390823e+002  4.6016438e+001
 -1.2390812e+002  4.6016447e+001
 -1.2390801e+002  4.6016451e+001
 -1.2390796e+002  4.6016424e+001
 -1.2390790e+002  4.6016364e+001
 -1.2390779e+002  4.6016309e+001
 -1.2390768e+002  4.6016332e+001
 -1.2390757e+002  4.6016372e+001
 -1.2390746e+002  4.6016328e+001
 -1.2390745e+002  4.6016299e+001
 -1.2390739e+002  4.6016175e+001
 -1.2390734e+002  4.6016076e+001
 -1.2390733e+002  4.6016051e+001
 -1.2390726e+002  4.6015927e+001
 -1.2390723e+002  4.6015901e+001
 -1.2390714e+002  4.6015802e+001
 -1.2390712e+002  4.6015776e+001
 -1.2390706e+002  4.6015678e+001
 -1.2390701e+002  4.6015579e+001
 -1.2390700e+002  4.6015554e+001
 -1.2390694e+002  4.6015430e+001
 -1.2390690e+002  4.6015346e+001
 -1.2390688e+002  4.6015306e+001
 -1.2390685e+002  4.6015181e+001
 -1.2390682e+002  4.6015057e+001
 -1.2390679e+002  4.6014966e+001
 -1.2390677e+002  4.6014933e+001
 -1.2390668e+002  4.6014846e+001
 -1.2390657e+002  4.6014813e+001
 -1.2390654e+002  4.6014809e+001
 -1.2390645e+002  4.6014796e+001
 -1.2390634e+002  4.6014765e+001
 -1.2390625e+002  4.6014685e+001
 -1.2390623e+002  4.6014664e+001
 -1.2390615e+002  4.6014560e+001
 -1.2390612e+002  4.6014515e+001
 -1.2390608e+002  4.6014436e+001
 -1.2390605e+002  4.6014312e+001
 -1.2390601e+002  4.6014192e+001
 -1.2390601e+002  4.6014188e+001
 -1.2390596e+002  4.6014064e+001
 -1.2390592e+002  4.6013939e+001
 -1.2390590e+002  4.6013825e+001
 -1.2390590e+002  4.6013815e+001
 -1.2390588e+002  4.6013691e+001
 -1.2390586e+002  4.6013567e+001
 -1.2390583e+002  4.6013443e+001
 -1.2390580e+002  4.6013318e+001
 -1.2390579e+002  4.6013285e+001
 -1.2390576e+002  4.6013194e+001
 -1.2390572e+002  4.6013070e+001
 -1.2390570e+002  4.6012946e+001
 -1.2390568e+002  4.6012822e+001
 -1.2390568e+002  4.6012821e+001
 -1.2390565e+002  4.6012697e+001
 -1.2390563e+002  4.6012573e+001
 -1.2390561e+002  4.6012449e+001
 -1.2390556e+002  4.6012374e+001
 -1.2390551e+002  4.6012325e+001
 -1.2390545e+002  4.6012264e+001
 -1.2390540e+002  4.6012200e+001
 -1.2390534e+002  4.6012129e+001
 -1.2390528e+002  4.6012076e+001
 -1.2390523e+002  4.6012040e+001
 -1.2390514e+002  4.6011952e+001
 -1.2390512e+002  4.6011921e+001
 -1.2390501e+002  4.6011832e+001
 -1.2390500e+002  4.6011828e+001
 -1.2390490e+002  4.6011768e+001
 -1.2390482e+002  4.6011704e+001
 -1.2390479e+002  4.6011652e+001
 -1.2390472e+002  4.6011579e+001
 -1.2390467e+002  4.6011534e+001
 -1.2390456e+002  4.6011469e+001
 -1.2390454e+002  4.6011455e+001
 -1.2390445e+002  4.6011412e+001
 -1.2390437e+002  4.6011331e+001
 -1.2390434e+002  4.6011226e+001
 -1.2390433e+002  4.6011207e+001
 -1.2390423e+002  4.6011088e+001
 -1.2390412e+002  4.6011091e+001
 -1.2390406e+002  4.6011083e+001
 -1.2390401e+002  4.6011052e+001
 -1.2390390e+002  4.6011010e+001
 -1.2390386e+002  4.6010958e+001
 -1.2390380e+002  4.6010834e+001
 -1.2390390e+002  4.6010781e+001
 -1.2390401e+002  4.6010823e+001
 -1.2390403e+002  4.6010834e+001
 -1.2390412e+002  4.6010875e+001
 -1.2390423e+002  4.6010836e+001
 -1.2390423e+002  4.6010834e+001
 -1.2390423e+002  4.6010829e+001
 -1.2390421e+002  4.6010710e+001
 -1.2390422e+002  4.6010586e+001
 -1.2390423e+002  4.6010569e+001
 -1.2390428e+002  4.6010461e+001
 -1.2390434e+002  4.6010417e+001
 -1.2390445e+002  4.6010364e+001
 -1.2390451e+002  4.6010337e+001
 -1.2390456e+002  4.6010300e+001
 -1.2390463e+002  4.6010213e+001
 -1.2390467e+002  4.6010175e+001
 -1.2390479e+002  4.6010132e+001
 -1.2390487e+002  4.6010089e+001
 -1.2390490e+002  4.6010072e+001
 -1.2390501e+002  4.6010015e+001
 -1.2390510e+002  4.6009965e+001
 -1.2390512e+002  4.6009954e+001
 -1.2390523e+002  4.6009908e+001
 -1.2390534e+002  4.6009868e+001
 -1.2390539e+002  4.6009840e+001
 -1.2390545e+002  4.6009805e+001
 -1.2390556e+002  4.6009716e+001
 -1.2390556e+002  4.6009714e+001
 -1.2390568e+002  4.6009605e+001
 -1.2390569e+002  4.6009592e+001
 -1.2390578e+002  4.6009468e+001
 -1.2390579e+002  4.6009453e+001
 -1.2390587e+002  4.6009344e+001
 -1.2390590e+002  4.6009290e+001
 -1.2390594e+002  4.6009219e+001
 -1.2390600e+002  4.6009095e+001
 -1.2390601e+002  4.6009068e+001
 -1.2390606e+002  4.6008971e+001
 -1.2390610e+002  4.6008847e+001
 -1.2390612e+002  4.6008818e+001
 -1.2390623e+002  4.6008802e+001
 -1.2390634e+002  4.6008820e+001
 -1.2390645e+002  4.6008801e+001
 -1.2390657e+002  4.6008750e+001
 -1.2390660e+002  4.6008723e+001
 -1.2390668e+002  4.6008680e+001
 -1.2390677e+002  4.6008598e+001
 -1.2390679e+002  4.6008586e+001
 -1.2390689e+002  4.6008474e+001
 -1.2390690e+002  4.6008466e+001
 -1.2390701e+002  4.6008350e+001
 -1.2390701e+002  4.6008349e+001
 -1.2390712e+002  4.6008232e+001
 -1.2390713e+002  4.6008226e+001
 -1.2390722e+002  4.6008102e+001
 -1.2390723e+002  4.6008080e+001
 -1.2390734e+002  4.6008024e+001
 -1.2390741e+002  4.6007977e+001
 -1.2390746e+002  4.6007935e+001
 -1.2390750e+002  4.6007853e+001
 -1.2390757e+002  4.6007743e+001
 -1.2390757e+002  4.6007729e+001
 -1.2390764e+002  4.6007605e+001
 -1.2390768e+002  4.6007521e+001
 -1.2390770e+002  4.6007480e+001
 -1.2390779e+002  4.6007381e+001
 -1.2390790e+002  4.6007425e+001
 -1.2390799e+002  4.6007480e+001
 -1.2390801e+002  4.6007487e+001
 -1.2390802e+002  4.6007480e+001
 -1.2390810e+002  4.6007356e+001
 -1.2390812e+002  4.6007327e+001
 -1.2390817e+002  4.6007232e+001
 -1.2390823e+002  4.6007140e+001
 -1.2390829e+002  4.6007108e+001
 -1.2390834e+002  4.6007049e+001
 -1.2390838e+002  4.6007108e+001
 -1.2390846e+002  4.6007196e+001
 -1.2390848e+002  4.6007232e+001
 -1.2390857e+002  4.6007299e+001
 -1.2390861e+002  4.6007232e+001
 -1.2390865e+002  4.6007108e+001
 -1.2390868e+002  4.6007016e+001
 -1.2390869e+002  4.6006984e+001
 -1.2390872e+002  4.6006859e+001
 -1.2390879e+002  4.6006736e+001
 -1.2390890e+002  4.6006742e+001
 -1.2390894e+002  4.6006859e+001
 -1.2390898e+002  4.6006984e+001
 -1.2390899e+002  4.6007108e+001
 -1.2390901e+002  4.6007232e+001
 -1.2390901e+002  4.6007237e+001
 -1.2390903e+002  4.6007356e+001
 -1.2390905e+002  4.6007480e+001
 -1.2390908e+002  4.6007605e+001
 -1.2390911e+002  4.6007729e+001
 -1.2390912e+002  4.6007769e+001
 -1.2390916e+002  4.6007853e+001
 -1.2390920e+002  4.6007977e+001
 -1.2390922e+002  4.6008102e+001
 -1.2390923e+002  4.6008140e+001
 -1.2390927e+002  4.6008226e+001
 -1.2390930e+002  4.6008350e+001
 -1.2390931e+002  4.6008474e+001
 -1.2390930e+002  4.6008598e+001
 -1.2390929e+002  4.6008723e+001
 -1.2390928e+002  4.6008847e+001
 -1.2390929e+002  4.6008971e+001
 -1.2390929e+002  4.6009095e+001
 -1.2390926e+002  4.6009219e+001
 -1.2390924e+002  4.6009344e+001
 -1.2390923e+002  4.6009345e+001
 -1.2390921e+002  4.6009468e+001
 -1.2390918e+002  4.6009592e+001
 -1.2390912e+002  4.6009670e+001
 -1.2390911e+002  4.6009716e+001
 -1.2390910e+002  4.6009840e+001
 -1.2390908e+002  4.6009965e+001
 -1.2390912e+002  4.6010054e+001
 -1.2390920e+002  4.6009965e+001
 -1.2390923e+002  4.6009888e+001
 -1.2390925e+002  4.6009840e+001
 -1.2390930e+002  4.6009716e+001
 -1.2390935e+002  4.6009629e+001
 -1.2390936e+002  4.6009592e+001
 -1.2390945e+002  4.6009468e+001
 -1.2390946e+002  4.6009434e+001
 -1.2390947e+002  4.6009344e+001
 -1.2390948e+002  4.6009219e+001
 -1.2390947e+002  4.6009095e+001
 -1.2390947e+002  4.6008971e+001
 -1.2390950e+002  4.6008847e+001
 -1.2390949e+002  4.6008723e+001
 -1.2390950e+002  4.6008598e+001
 -1.2390949e+002  4.6008474e+001
 -1.2390950e+002  4.6008350e+001
 -1.2390950e+002  4.6008226e+001
 -1.2390952e+002  4.6008102e+001
 -1.2390952e+002  4.6007977e+001
 -1.2390953e+002  4.6007853e+001
 -1.2390955e+002  4.6007729e+001
 -1.2390956e+002  4.6007605e+001
 -1.2390957e+002  4.6007528e+001
 -1.2390957e+002  4.6007480e+001
 -1.2390959e+002  4.6007356e+001
 -1.2390960e+002  4.6007232e+001
 -1.2390961e+002  4.6007108e+001
 -1.2390962e+002  4.6006984e+001
 -1.2390963e+002  4.6006859e+001
 -1.2390964e+002  4.6006735e+001
 -1.2390964e+002  4.6006611e+001
 -1.2390966e+002  4.6006487e+001
 -1.2390967e+002  4.6006363e+001
 -1.2390968e+002  4.6006307e+001
 -1.2390971e+002  4.6006238e+001
 -1.2390975e+002  4.6006114e+001
 -1.2390979e+002  4.6005990e+001
 -1.2390979e+002  4.6005975e+001
 -1.2390983e+002  4.6005866e+001
 -1.2390988e+002  4.6005742e+001
 -1.2390990e+002  4.6005628e+001
 -1.2390990e+002  4.6005617e+001
 -1.2390993e+002  4.6005493e+001
 -1.2390997e+002  4.6005369e+001
 -1.2391001e+002  4.6005271e+001
 -1.2391002e+002  4.6005245e+001
 -1.2391006e+002  4.6005121e+001
 -1.2391009e+002  4.6004996e+001
 -1.2391012e+002  4.6004943e+001
 -1.2391018e+002  4.6004872e+001
 -1.2391024e+002  4.6004763e+001
 -1.2391025e+002  4.6004748e+001
 -1.2391026e+002  4.6004624e+001
 -1.2391024e+002  4.6004504e+001
 -1.2391024e+002  4.6004499e+001
 -1.2391024e+002  4.6004499e+001
 -1.2391034e+002  4.6004375e+001
 -1.2391035e+002  4.6004361e+001
 -1.2391045e+002  4.6004251e+001
 -1.2391046e+002  4.6004240e+001
 -1.2391057e+002  4.6004127e+001
 -1.2391057e+002  4.6004127e+001
 -1.2391068e+002  4.6004047e+001
 -1.2391076e+002  4.6004003e+001
 -1.2391079e+002  4.6003989e+001
 -1.2391090e+002  4.6003953e+001
 -1.2391101e+002  4.6003924e+001
 -1.2391113e+002  4.6003893e+001
 -1.2391115e+002  4.6003878e+001
 -1.2391124e+002  4.6003805e+001
 -1.2391130e+002  4.6003754e+001
 -1.2391135e+002  4.6003719e+001
 -1.2391146e+002  4.6003641e+001
 -1.2391147e+002  4.6003630e+001
 -1.2391157e+002  4.6003557e+001
 -1.2391163e+002  4.6003506e+001
 -1.2391168e+002  4.6003468e+001
 -1.2391174e+002  4.6003382e+001
 -1.2391179e+002  4.6003260e+001
 -1.2391179e+002  4.6003257e+001
 -1.2391184e+002  4.6003133e+001
 -1.2391187e+002  4.6003009e+001
 -1.2391189e+002  4.6002885e+001
 -1.2391188e+002  4.6002761e+001
 -1.2391184e+002  4.6002636e+001
 -1.2391180e+002  4.6002512e+001
 -1.2391179e+002  4.6002493e+001
 -1.2391176e+002  4.6002388e+001
 -1.2391174e+002  4.6002264e+001
 -1.2391173e+002  4.6002139e+001
 -1.2391173e+002  4.6002015e+001
 -1.2391175e+002  4.6001891e+001
 -1.2391176e+002  4.6001767e+001
 -1.2391178e+002  4.6001643e+001
 -1.2391179e+002  4.6001571e+001
 -1.2391180e+002  4.6001518e+001
 -1.2391184e+002  4.6001394e+001
 -1.2391188e+002  4.6001270e+001
 -1.2391190e+002  4.6001233e+001
 -1.2391194e+002  4.6001146e+001
 -1.2391198e+002  4.6001022e+001
 -1.2391202e+002  4.6000949e+001
 -1.2391204e+002  4.6000897e+001
 -1.2391212e+002  4.6000773e+001
 -1.2391213e+002  4.6000765e+001
 -1.2391220e+002  4.6000649e+001
 -1.2391224e+002  4.6000609e+001
 -1.2391228e+002  4.6000525e+001
 -1.2391235e+002  4.6000401e+001
 -1.2391235e+002  4.6000395e+001
 -1.2391246e+002  4.6000281e+001
 -1.2391246e+002  4.6000276e+001
 -1.2391255e+002  4.6000152e+001
 -1.2391257e+002  4.6000128e+001
 -1.2391268e+002  4.6000040e+001
 -1.2391270e+002  4.6000028e+001
 -1.2391279e+002  4.5999904e+001
 -1.2391279e+002  4.5999898e+001
 -1.2391284e+002  4.5999780e+001
 -1.2391288e+002  4.5999655e+001
 -1.2391291e+002  4.5999581e+001
 -1.2391292e+002  4.5999531e+001
 -1.2391299e+002  4.5999407e+001
 -1.2391302e+002  4.5999337e+001
 -1.2391303e+002  4.5999283e+001
 -1.2391307e+002  4.5999158e+001
 -1.2391311e+002  4.5999034e+001
 -1.2391313e+002  4.5998987e+001
 -1.2391315e+002  4.5998910e+001
 -1.2391316e+002  4.5998786e+001
 -1.2391316e+002  4.5998662e+001
 -1.2391317e+002  4.5998537e+001
 -1.2391320e+002  4.5998413e+001
 -1.2391324e+002  4.5998305e+001
 -1.2391324e+002  4.5998289e+001
 -1.2391326e+002  4.5998165e+001
 -1.2391328e+002  4.5998041e+001
 -1.2391329e+002  4.5997916e+001
 -1.2391332e+002  4.5997792e+001
 -1.2391331e+002  4.5997668e+001
 -1.2391331e+002  4.5997544e+001
 -1.2391329e+002  4.5997420e+001
 -1.2391329e+002  4.5997295e+001
 -1.2391329e+002  4.5997171e+001
 -1.2391326e+002  4.5997047e+001
 -1.2391325e+002  4.5996923e+001
 -1.2391331e+002  4.5996799e+001
 -1.2391335e+002  4.5996741e+001
 -1.2391338e+002  4.5996674e+001
 -1.2391342e+002  4.5996550e+001
 -1.2391344e+002  4.5996426e+001
 -1.2391346e+002  4.5996313e+001
 -1.2391346e+002  4.5996302e+001
 -1.2391348e+002  4.5996177e+001
 -1.2391350e+002  4.5996053e+001
 -1.2391352e+002  4.5995929e+001
 -1.2391354e+002  4.5995805e+001
 -1.2391357e+002  4.5995752e+001
 -1.2391363e+002  4.5995681e+001
 -1.2391368e+002  4.5995611e+001
 -1.2391373e+002  4.5995556e+001
 -1.2391380e+002  4.5995462e+001
 -1.2391382e+002  4.5995432e+001
 -1.2391391e+002  4.5995331e+001
 -1.2391392e+002  4.5995308e+001
 -1.2391394e+002  4.5995184e+001
 -1.2391395e+002  4.5995060e+001
 -1.2391393e+002  4.5994935e+001
 -1.2391391e+002  4.5994852e+001
 -1.2391389e+002  4.5994811e+001
 -1.2391385e+002  4.5994687e+001
 -1.2391382e+002  4.5994563e+001
 -1.2391380e+002  4.5994463e+001
 -1.2391379e+002  4.5994439e+001
 -1.2391374e+002  4.5994314e+001
 -1.2391370e+002  4.5994190e+001
 -1.2391368e+002  4.5994144e+001
 -1.2391365e+002  4.5994066e+001
 -1.2391360e+002  4.5993942e+001
 -1.2391362e+002  4.5993817e+001
 -1.2391364e+002  4.5993693e+001
 -1.2391366e+002  4.5993569e+001
 -1.2391367e+002  4.5993445e+001
 -1.2391368e+002  4.5993366e+001
 -1.2391369e+002  4.5993321e+001
 -1.2391371e+002  4.5993196e+001
 -1.2391375e+002  4.5993072e+001
 -1.2391380e+002  4.5992970e+001
 -1.2391380e+002  4.5992948e+001
 -1.2391384e+002  4.5992824e+001
 -1.2391384e+002  4.5992700e+001
 -1.2391386e+002  4.5992575e+001
 -1.2391390e+002  4.5992451e+001
 -1.2391391e+002  4.5992447e+001
 -1.2391396e+002  4.5992327e+001
 -1.2391402e+002  4.5992226e+001
 -1.2391403e+002  4.5992203e+001
 -1.2391411e+002  4.5992079e+001
 -1.2391413e+002  4.5992062e+001
 -1.2391424e+002  4.5992015e+001
 -1.2391435e+002  4.5991996e+001
 -1.2391446e+002  4.5991959e+001
 -1.2391447e+002  4.5991954e+001
 -1.2391447e+002  4.5991830e+001
 -1.2391449e+002  4.5991706e+001
 -1.2391449e+002  4.5991582e+001
 -1.2391453e+002  4.5991458e+001
 -1.2391457e+002  4.5991333e+001
 -1.2391457e+002  4.5991322e+001
 -1.2391461e+002  4.5991209e+001
 -1.2391464e+002  4.5991085e+001
 -1.2391468e+002  4.5990998e+001
 -1.2391471e+002  4.5990961e+001
 -1.2391477e+002  4.5990836e+001
 -1.2391478e+002  4.5990712e+001
 -1.2391477e+002  4.5990588e+001
 -1.2391477e+002  4.5990464e+001
 -1.2391477e+002  4.5990340e+001
 -1.2391477e+002  4.5990215e+001
 -1.2391472e+002  4.5990091e+001
 -1.2391468e+002  4.5990024e+001
 -1.2391465e+002  4.5989967e+001
 -1.2391463e+002  4.5989843e+001
 -1.2391463e+002  4.5989719e+001
 -1.2391466e+002  4.5989594e+001
 -1.2391468e+002  4.5989514e+001
 -1.2391470e+002  4.5989470e+001
 -1.2391473e+002  4.5989346e+001
 -1.2391476e+002  4.5989222e+001
 -1.2391480e+002  4.5989119e+001
 -1.2391480e+002  4.5989098e+001
 -1.2391483e+002  4.5988973e+001
 -1.2391485e+002  4.5988849e+001
 -1.2391487e+002  4.5988725e+001
 -1.2391489e+002  4.5988601e+001
 -1.2391486e+002  4.5988477e+001
 -1.2391485e+002  4.5988352e+001
 -1.2391484e+002  4.5988228e+001
 -1.2391483e+002  4.5988104e+001
 -1.2391481e+002  4.5987980e+001
 -1.2391480e+002  4.5987859e+001
 -1.2391480e+002  4.5987855e+001
 -1.2391478e+002  4.5987731e+001
 -1.2391475e+002  4.5987607e+001
 -1.2391473e+002  4.5987483e+001
 -1.2391472e+002  4.5987359e+001
 -1.2391472e+002  4.5987234e+001
 -1.2391475e+002  4.5987110e+001
 -1.2391480e+002  4.5987012e+001
 -1.2391481e+002  4.5986986e+001
 -1.2391487e+002  4.5986862e+001
 -1.2391491e+002  4.5986825e+001
 -1.2391498e+002  4.5986738e+001
 -1.2391502e+002  4.5986707e+001
 -1.2391511e+002  4.5986613e+001
 -1.2391513e+002  4.5986587e+001
 -1.2391524e+002  4.5986499e+001
 -1.2391526e+002  4.5986489e+001
 -1.2391535e+002  4.5986433e+001
 -1.2391546e+002  4.5986396e+001
 -1.2391557e+002  4.5986383e+001
 -1.2391564e+002  4.5986365e+001
 -1.2391569e+002  4.5986342e+001
 -1.2391580e+002  4.5986307e+001
 -1.2391591e+002  4.5986288e+001
 -1.2391602e+002  4.5986276e+001
 -1.2391613e+002  4.5986266e+001
 -1.2391624e+002  4.5986249e+001
 -1.2391629e+002  4.5986241e+001
 -1.2391635e+002  4.5986227e+001
 -1.2391646e+002  4.5986191e+001
 -1.2391658e+002  4.5986160e+001
 -1.2391669e+002  4.5986131e+001
 -1.2391671e+002  4.5986117e+001
 -1.2391680e+002  4.5986010e+001
 -1.2391682e+002  4.5985992e+001
 -1.2391691e+002  4.5985868e+001
 -1.2391691e+002  4.5985868e+001
 -1.2391697e+002  4.5985744e+001
 -1.2391702e+002  4.5985620e+001
 -1.2391702e+002  4.5985607e+001
 -1.2391705e+002  4.5985495e+001
 -1.2391708e+002  4.5985371e+001
 -1.2391711e+002  4.5985247e+001
 -1.2391713e+002  4.5985151e+001
 -1.2391714e+002  4.5985123e+001
 -1.2391716e+002  4.5984999e+001
 -1.2391719e+002  4.5984874e+001
 -1.2391722e+002  4.5984750e+001
 -1.2391724e+002  4.5984669e+001
 -1.2391725e+002  4.5984626e+001
 -1.2391728e+002  4.5984502e+001
 -1.2391730e+002  4.5984378e+001
 -1.2391732e+002  4.5984253e+001
 -1.2391734e+002  4.5984129e+001
 -1.2391735e+002  4.5984071e+001
 -1.2391737e+002  4.5984005e+001
 -1.2391740e+002  4.5983881e+001
 -1.2391744e+002  4.5983757e+001
 -1.2391747e+002  4.5983635e+001
 -1.2391747e+002  4.5983632e+001
 -1.2391758e+002  4.5983536e+001
 -1.2391760e+002  4.5983508e+001
 -1.2391767e+002  4.5983384e+001
 -1.2391769e+002  4.5983337e+001
 -1.2391770e+002  4.5983260e+001
 -1.2391773e+002  4.5983136e+001
 -1.2391776e+002  4.5983011e+001
 -1.2391780e+002  4.5982893e+001
 -1.2391780e+002  4.5982887e+001
 -1.2391783e+002  4.5982763e+001
 -1.2391783e+002  4.5982639e+001
 -1.2391781e+002  4.5982514e+001
 -1.2391780e+002  4.5982495e+001
 -1.2391775e+002  4.5982390e+001
 -1.2391769e+002  4.5982266e+001
 -1.2391769e+002  4.5982256e+001
 -1.2391758e+002  4.5982143e+001
 -1.2391757e+002  4.5982142e+001
 -1.2391747e+002  4.5982072e+001
 -1.2391741e+002  4.5982018e+001
 -1.2391735e+002  4.5981974e+001
 -1.2391728e+002  4.5981893e+001
 -1.2391724e+002  4.5981861e+001
 -1.2391713e+002  4.5981846e+001
 -1.2391702e+002  4.5981866e+001
 -1.2391691e+002  4.5981876e+001
 -1.2391680e+002  4.5981868e+001
 -1.2391669e+002  4.5981842e+001
 -1.2391658e+002  4.5981816e+001
 -1.2391650e+002  4.5981769e+001
 -1.2391646e+002  4.5981746e+001
 -1.2391638e+002  4.5981645e+001
 -1.2391635e+002  4.5981632e+001
 -1.2391624e+002  4.5981595e+001
 -1.2391616e+002  4.5981521e+001
 -1.2391613e+002  4.5981474e+001
 -1.2391607e+002  4.5981397e+001
 -1.2391602e+002  4.5981346e+001
 -1.2391593e+002  4.5981272e+001
 -1.2391591e+002  4.5981220e+001
 -1.2391587e+002  4.5981148e+001
 -1.2391583e+002  4.5981024e+001
 -1.2391580e+002  4.5980900e+001
 -1.2391580e+002  4.5980897e+001
 -1.2391577e+002  4.5980776e+001
 -1.2391578e+002  4.5980651e+001
 -1.2391580e+002  4.5980561e+001
 -1.2391580e+002  4.5980527e+001
 -1.2391581e+002  4.5980403e+001
 -1.2391583e+002  4.5980279e+001
 -1.2391589e+002  4.5980155e+001
 -1.2391591e+002  4.5980125e+001
 -1.2391599e+002  4.5980030e+001
 -1.2391602e+002  4.5980008e+001
 -1.2391610e+002  4.5979906e+001
 -1.2391613e+002  4.5979870e+001
 -1.2391619e+002  4.5979782e+001
 -1.2391624e+002  4.5979702e+001
 -1.2391627e+002  4.5979658e+001
 -1.2391635e+002  4.5979533e+001
 -1.2391635e+002  4.5979533e+001
 -1.2391644e+002  4.5979409e+001
 -1.2391646e+002  4.5979383e+001
 -1.2391656e+002  4.5979285e+001
 -1.2391658e+002  4.5979274e+001
 -1.2391669e+002  4.5979184e+001
 -1.2391671e+002  4.5979161e+001
 -1.2391678e+002  4.5979037e+001
 -1.2391680e+002  4.5979013e+001
 -1.2391689e+002  4.5978912e+001
 -1.2391691e+002  4.5978892e+001
 -1.2391700e+002  4.5978788e+001
 -1.2391702e+002  4.5978760e+001
 -1.2391713e+002  4.5978671e+001
 -1.2391714e+002  4.5978664e+001
 -1.2391722e+002  4.5978540e+001
 -1.2391724e+002  4.5978501e+001
 -1.2391728e+002  4.5978416e+001
 -1.2391735e+002  4.5978298e+001
 -1.2391736e+002  4.5978291e+001
 -1.2391745e+002  4.5978167e+001
 -1.2391747e+002  4.5978154e+001
 -1.2391758e+002  4.5978062e+001
 -1.2391760e+002  4.5978043e+001
 -1.2391769e+002  4.5977979e+001
 -1.2391777e+002  4.5977919e+001
 -1.2391780e+002  4.5977900e+001
 -1.2391791e+002  4.5977808e+001
 -1.2391793e+002  4.5977795e+001
 -1.2391802e+002  4.5977713e+001
 -1.2391807e+002  4.5977670e+001
 -1.2391813e+002  4.5977617e+001
 -1.2391824e+002  4.5977546e+001
 -1.2391824e+002  4.5977544e+001
 -1.2391836e+002  4.5977454e+001
 -1.2391838e+002  4.5977422e+001
 -1.2391847e+002  4.5977324e+001
 -1.2391849e+002  4.5977298e+001
 -1.2391858e+002  4.5977173e+001
 -1.2391858e+002  4.5977172e+001
 -1.2391869e+002  4.5977099e+001
 -1.2391877e+002  4.5977049e+001
 -1.2391880e+002  4.5977034e+001
 -1.2391891e+002  4.5976987e+001
 -1.2391902e+002  4.5976937e+001
 -1.2391905e+002  4.5976925e+001
 -1.2391913e+002  4.5976889e+001
 -1.2391925e+002  4.5976853e+001
 -1.2391936e+002  4.5976819e+001
 -1.2391940e+002  4.5976801e+001
 -1.2391947e+002  4.5976775e+001
 -1.2391958e+002  4.5976727e+001
 -1.2391969e+002  4.5976695e+001
 -1.2391976e+002  4.5976677e+001
 -1.2391980e+002  4.5976656e+001
 -1.2391991e+002  4.5976624e+001
 -1.2392002e+002  4.5976593e+001
 -1.2392010e+002  4.5976552e+001
 -1.2392013e+002  4.5976537e+001
 -1.2392025e+002  4.5976494e+001
 -1.2392036e+002  4.5976456e+001
 -1.2392045e+002  4.5976428e+001
 -1.2392047e+002  4.5976418e+001
 -1.2392058e+002  4.5976344e+001
 -1.2392061e+002  4.5976304e+001
 -1.2392069e+002  4.5976205e+001
 -1.2392072e+002  4.5976180e+001
 -1.2392080e+002  4.5976104e+001
 -1.2392087e+002  4.5976056e+001
 -1.2392091e+002  4.5976018e+001
 -1.2392102e+002  4.5975952e+001
 -1.2392106e+002  4.5975931e+001
 -1.2392114e+002  4.5975895e+001
 -1.2392122e+002  4.5975807e+001
 -1.2392125e+002  4.5975767e+001
 -1.2392131e+002  4.5975683e+001
 -1.2392136e+002  4.5975633e+001
 -1.2392144e+002  4.5975559e+001
 -1.2392147e+002  4.5975523e+001
 -1.2392156e+002  4.5975435e+001
 -1.2392158e+002  4.5975416e+001
 -1.2392169e+002  4.5975321e+001
 -1.2392170e+002  4.5975310e+001
 -1.2392176e+002  4.5975186e+001
 -1.2392180e+002  4.5975076e+001
 -1.2392181e+002  4.5975062e+001
 -1.2392186e+002  4.5974938e+001
 -1.2392191e+002  4.5974832e+001
 -1.2392193e+002  4.5974814e+001
 -1.2392200e+002  4.5974689e+001
 -1.2392203e+002  4.5974611e+001
 -1.2392204e+002  4.5974565e+001
 -1.2392208e+002  4.5974441e+001
 -1.2392212e+002  4.5974317e+001
 -1.2392214e+002  4.5974280e+001
 -1.2392216e+002  4.5974192e+001
 -1.2392218e+002  4.5974068e+001
 -1.2392220e+002  4.5973944e+001
 -1.2392222e+002  4.5973820e+001
 -1.2392224e+002  4.5973696e+001
 -1.2392225e+002  4.5973611e+001
 -1.2392225e+002  4.5973571e+001
 -1.2392225e+002  4.5973447e+001
 -1.2392225e+002  4.5973431e+001
 -1.2392224e+002  4.5973323e+001
 -1.2392221e+002  4.5973199e+001
 -1.2392214e+002  4.5973075e+001
 -1.2392214e+002  4.5973067e+001
 -1.2392203e+002  4.5972962e+001
 -1.2392202e+002  4.5972950e+001
 -1.2392192e+002  4.5972826e+001
 -1.2392191e+002  4.5972817e+001
 -1.2392187e+002  4.5972702e+001
 -1.2392185e+002  4.5972578e+001
 -1.2392186e+002  4.5972454e+001
 -1.2392191e+002  4.5972375e+001
 -1.2392195e+002  4.5972329e+001
 -1.2392203e+002  4.5972273e+001
 -1.2392213e+002  4.5972205e+001
 -1.2392214e+002  4.5972203e+001
 -1.2392225e+002  4.5972127e+001
 -1.2392229e+002  4.5972081e+001
 -1.2392236e+002  4.5972009e+001
 -1.2392237e+002  4.5971998e+001
 -1.2393756e+002  4.5971998e+001
 -1.2393760e+002  4.5972035e+001
 -1.2393764e+002  4.5972081e+001
 -1.2393771e+002  4.5972135e+001
 -1.2393780e+002  4.5972205e+001
 -1.2393782e+002  4.5972216e+001
 -1.2393793e+002  4.5972310e+001
 -1.2393795e+002  4.5972329e+001
 -1.2393804e+002  4.5972442e+001
 -1.2393808e+002  4.5972454e+001
 -1.2393815e+002  4.5972464e+001
 -1.2393826e+002  4.5972463e+001
 -1.2393837e+002  4.5972454e+001
 -1.2393838e+002  4.5972452e+001
 -1.2393839e+002  4.5972454e+001
 -1.2393849e+002  4.5972464e+001
 -1.2393855e+002  4.5972454e+001
 -1.2393860e+002  4.5972447e+001
 -1.2393871e+002  4.5972429e+001
 -1.2393882e+002  4.5972404e+001
 -1.2393893e+002  4.5972402e+001
 -1.2393904e+002  4.5972452e+001
 -1.2393905e+002  4.5972454e+001
 -1.2393915e+002  4.5972530e+001
 -1.2393927e+002  4.5972562e+001
 -1.2393938e+002  4.5972559e+001
 -1.2393949e+002  4.5972567e+001
 -1.2393950e+002  4.5972578e+001
 -1.2393960e+002  4.5972655e+001
 -1.2393964e+002  4.5972702e+001
 -1.2393971e+002  4.5972772e+001
 -1.2393982e+002  4.5972811e+001
 -1.2393990e+002  4.5972826e+001
 -1.2393993e+002  4.5972830e+001
 -1.2394004e+002  4.5972855e+001
 -1.2394016e+002  4.5972901e+001
 -1.2394027e+002  4.5972938e+001
 -1.2394034e+002  4.5972950e+001
 -1.2394038e+002  4.5972957e+001
 -1.2394049e+002  4.5972970e+001
 -1.2394060e+002  4.5972984e+001
 -1.2394071e+002  4.5973000e+001
 -1.2394082e+002  4.5973010e+001
 -1.2394093e+002  4.5973011e+001
 -1.2394105e+002  4.5973009e+001
 -1.2394116e+002  4.5973008e+001
 -1.2394127e+002  4.5973009e+001
 -1.2394138e+002  4.5973011e+001
 -1.2394149e+002  4.5973008e+001
 -1.2394160e+002  4.5973013e+001
 -1.2394171e+002  4.5973030e+001
 -1.2394182e+002  4.5973048e+001
 -1.2394192e+002  4.5973075e+001
 -1.2394193e+002  4.5973078e+001
 -1.2394205e+002  4.5973082e+001
 -1.2394216e+002  4.5973092e+001
 -1.2394227e+002  4.5973105e+001
 -1.2394238e+002  4.5973094e+001
 -1.2394249e+002  4.5973081e+001
 -1.2394251e+002  4.5973075e+001
 -1.2394260e+002  4.5973032e+001
 -1.2394271e+002  4.5972998e+001
 -1.2394282e+002  4.5972980e+001
 -1.2394294e+002  4.5972967e+001
 -1.2394305e+002  4.5972964e+001
 -1.2394316e+002  4.5972976e+001
 -1.2394327e+002  4.5973014e+001
 -1.2394335e+002  4.5973075e+001
 -1.2394338e+002  4.5973095e+001
 -1.2394348e+002  4.5973199e+001
 -1.2394349e+002  4.5973223e+001
 -1.2394354e+002  4.5973323e+001
 -1.2394360e+002  4.5973409e+001
 -1.2394365e+002  4.5973447e+001
 -1.2394371e+002  4.5973549e+001
 -1.2394373e+002  4.5973571e+001
 -1.2394378e+002  4.5973696e+001
 -1.2394380e+002  4.5973820e+001
 -1.2394381e+002  4.5973944e+001
 -1.2394382e+002  4.5974068e+001
 -1.2394383e+002  4.5974089e+001
 -1.2394386e+002  4.5974192e+001
 -1.2394393e+002  4.5974317e+001
 -1.2394394e+002  4.5974322e+001
 -1.2394405e+002  4.5974395e+001
 -1.2394411e+002  4.5974441e+001
 -1.2394416e+002  4.5974456e+001
 -1.2394427e+002  4.5974477e+001
 -1.2394438e+002  4.5974499e+001
 -1.2394449e+002  4.5974524e+001
 -1.2394460e+002  4.5974543e+001
 -1.2394469e+002  4.5974565e+001
 -1.2394472e+002  4.5974570e+001
 -1.2394483e+002  4.5974585e+001
 -1.2394494e+002  4.5974607e+001
 -1.2394505e+002  4.5974654e+001
 -1.2394510e+002  4.5974689e+001
 -1.2394516e+002  4.5974708e+001
 -1.2394527e+002  4.5974745e+001
 -1.2394538e+002  4.5974752e+001
 -1.2394549e+002  4.5974758e+001
 -1.2394550e+002  4.5974759e+001
