 -1.2392931e+002  4.6019991e+001
 -1.2392930e+002  4.6019857e+001
 -1.2392930e+002  4.6019649e+001
 -1.2392930e+002  4.6019441e+001
 -1.2392929e+002  4.6019232e+001
 -1.2392929e+002  4.6019024e+001
 -1.2392929e+002  4.6018816e+001
 -1.2392928e+002  4.6018608e+001
 -1.2392919e+002  4.6018399e+001
 -1.2392912e+002  4.6018212e+001
 -1.2392911e+002  4.6018191e+001
 -1.2392906e+002  4.6017983e+001
 -1.2392902e+002  4.6017774e+001
 -1.2392901e+002  4.6017566e+001
 -1.2392900e+002  4.6017358e+001
 -1.2392900e+002  4.6017149e+001
 -1.2392900e+002  4.6016941e+001
 -1.2392899e+002  4.6016733e+001
 -1.2392898e+002  4.6016524e+001
 -1.2392899e+002  4.6016316e+001
 -1.2392899e+002  4.6016108e+001
 -1.2392896e+002  4.6015900e+001
 -1.2392892e+002  4.6015758e+001
 -1.2392888e+002  4.6015691e+001
 -1.2392882e+002  4.6015483e+001
 -1.2392878e+002  4.6015275e+001
 -1.2392878e+002  4.6015066e+001
 -1.2392877e+002  4.6014858e+001
 -1.2392877e+002  4.6014650e+001
 -1.2392871e+002  4.6014495e+001
 -1.2392865e+002  4.6014441e+001
 -1.2392850e+002  4.6014262e+001
 -1.2392848e+002  4.6014233e+001
 -1.2392843e+002  4.6014025e+001
 -1.2392841e+002  4.6013816e+001
 -1.2392829e+002  4.6013655e+001
 -1.2392826e+002  4.6013608e+001
 -1.2392819e+002  4.6013400e+001
 -1.2392814e+002  4.6013191e+001
 -1.2392809e+002  4.6012983e+001
 -1.2392809e+002  4.6012975e+001
 -1.2392788e+002  4.6012851e+001
 -1.2392780e+002  4.6012775e+001
 -1.2392767e+002  4.6012698e+001
 -1.2392748e+002  4.6012567e+001
 -1.2392746e+002  4.6012537e+001
 -1.2392729e+002  4.6012358e+001
 -1.2392726e+002  4.6012332e+001
 -1.2392705e+002  4.6012280e+001
 -1.2392684e+002  4.6012234e+001
 -1.2392677e+002  4.6012150e+001
 -1.2392663e+002  4.6011970e+001
 -1.2392660e+002  4.6011942e+001
 -1.2392663e+002  4.6011775e+001
 -1.2392664e+002  4.6011733e+001
 -1.2392663e+002  4.6011661e+001
 -1.2392661e+002  4.6011525e+001
 -1.2392655e+002  4.6011317e+001
 -1.2392650e+002  4.6011108e+001
 -1.2392648e+002  4.6010900e+001
 -1.2392650e+002  4.6010692e+001
 -1.2392651e+002  4.6010483e+001
 -1.2392643e+002  4.6010313e+001
 -1.2392637e+002  4.6010275e+001
 -1.2392622e+002  4.6010217e+001
 -1.2392601e+002  4.6010208e+001
 -1.2392581e+002  4.6010222e+001
 -1.2392560e+002  4.6010209e+001
 -1.2392539e+002  4.6010168e+001
 -1.2392518e+002  4.6010097e+001
 -1.2392515e+002  4.6010067e+001
 -1.2392507e+002  4.6009859e+001
 -1.2392507e+002  4.6009650e+001
 -1.2392504e+002  4.6009442e+001
 -1.2392506e+002  4.6009234e+001
 -1.2392507e+002  4.6009025e+001
 -1.2392508e+002  4.6008817e+001
 -1.2392513e+002  4.6008609e+001
 -1.2392515e+002  4.6008400e+001
 -1.2392517e+002  4.6008192e+001
 -1.2392513e+002  4.6007984e+001
 -1.2392504e+002  4.6007775e+001
 -1.2392518e+002  4.6007742e+001
 -1.2392539e+002  4.6007593e+001
 -1.2392540e+002  4.6007567e+001
 -1.2392560e+002  4.6007399e+001
 -1.2392565e+002  4.6007359e+001
 -1.2392580e+002  4.6007151e+001
 -1.2392581e+002  4.6007147e+001
 -1.2392601e+002  4.6006942e+001
 -1.2392601e+002  4.6006935e+001
 -1.2392620e+002  4.6006734e+001
 -1.2392622e+002  4.6006673e+001
 -1.2392628e+002  4.6006526e+001
 -1.2392642e+002  4.6006317e+001
 -1.2392643e+002  4.6006313e+001
 -1.2392651e+002  4.6006109e+001
 -1.2392656e+002  4.6005901e+001
 -1.2392658e+002  4.6005692e+001
 -1.2392663e+002  4.6005484e+001
 -1.2392663e+002  4.6005467e+001
 -1.2392667e+002  4.6005276e+001
 -1.2392670e+002  4.6005067e+001
 -1.2392670e+002  4.6004859e+001
 -1.2392673e+002  4.6004651e+001
 -1.2392678e+002  4.6004443e+001
 -1.2392684e+002  4.6004357e+001
 -1.2392694e+002  4.6004234e+001
 -1.2392702e+002  4.6004026e+001
 -1.2392705e+002  4.6003984e+001
 -1.2392717e+002  4.6003818e+001
 -1.2392726e+002  4.6003760e+001
 -1.2392736e+002  4.6003609e+001
 -1.2392746e+002  4.6003495e+001
 -1.2392754e+002  4.6003401e+001
 -1.2392760e+002  4.6003193e+001
 -1.2392767e+002  4.6003068e+001
 -1.2392773e+002  4.6002984e+001
 -1.2392788e+002  4.6002839e+001
 -1.2392796e+002  4.6002776e+001
 -1.2392809e+002  4.6002690e+001
 -1.2392817e+002  4.6002568e+001
 -1.2392824e+002  4.6002359e+001
 -1.2392829e+002  4.6002267e+001
 -1.2392839e+002  4.6002151e+001
 -1.2392850e+002  4.6002050e+001
 -1.2392863e+002  4.6001943e+001
 -1.2392870e+002  4.6001735e+001
 -1.2392867e+002  4.6001526e+001
 -1.2392867e+002  4.6001318e+001
 -1.2392868e+002  4.6001110e+001
 -1.2392871e+002  4.6001019e+001
 -1.2392874e+002  4.6000901e+001
 -1.2392881e+002  4.6000693e+001
 -1.2392892e+002  4.6000553e+001
 -1.2392896e+002  4.6000485e+001
 -1.2392912e+002  4.6000387e+001
 -1.2392933e+002  4.6000318e+001
 -1.2392944e+002  4.6000276e+001
 -1.2392954e+002  4.6000166e+001
 -1.2392957e+002  4.6000068e+001
 -1.2392954e+002  4.5999922e+001
 -1.2392951e+002  4.5999860e+001
 -1.2392933e+002  4.5999694e+001
 -1.2392928e+002  4.5999651e+001
 -1.2392912e+002  4.5999584e+001
 -1.2392899e+002  4.5999443e+001
 -1.2392892e+002  4.5999292e+001
 -1.2392888e+002  4.5999235e+001
 -1.2392884e+002  4.5999027e+001
 -1.2392886e+002  4.5998818e+001
 -1.2392889e+002  4.5998610e+001
 -1.2392892e+002  4.5998579e+001
 -1.2392898e+002  4.5998402e+001
 -1.2392900e+002  4.5998193e+001
 -1.2392903e+002  4.5997985e+001
 -1.2392912e+002  4.5997777e+001
 -1.2392912e+002  4.5997777e+001
 -1.2392924e+002  4.5997568e+001
 -1.2392930e+002  4.5997360e+001
 -1.2392933e+002  4.5997271e+001
 -1.2392936e+002  4.5997152e+001
 -1.2392943e+002  4.5996943e+001
 -1.2392953e+002  4.5996735e+001
 -1.2392954e+002  4.5996692e+001
 -1.2392955e+002  4.5996527e+001
 -1.2392959e+002  4.5996318e+001
 -1.2392964e+002  4.5996110e+001
 -1.2392969e+002  4.5995902e+001
 -1.2392972e+002  4.5995694e+001
 -1.2392975e+002  4.5995649e+001
 -1.2392978e+002  4.5995485e+001
 -1.2392984e+002  4.5995277e+001
 -1.2392987e+002  4.5995069e+001
 -1.2392989e+002  4.5994860e+001
 -1.2392995e+002  4.5994652e+001
 -1.2392995e+002  4.5994641e+001
 -1.2393006e+002  4.5994444e+001
 -1.2393016e+002  4.5994258e+001
 -1.2393017e+002  4.5994235e+001
 -1.2393022e+002  4.5994027e+001
 -1.2393028e+002  4.5993819e+001
 -1.2393037e+002  4.5993625e+001
 -1.2393037e+002  4.5993610e+001
 -1.2393043e+002  4.5993402e+001
 -1.2393045e+002  4.5993194e+001
 -1.2393048e+002  4.5992986e+001
 -1.2393057e+002  4.5992782e+001
 -1.2393058e+002  4.5992777e+001
 -1.2393068e+002  4.5992569e+001
 -1.2393073e+002  4.5992361e+001
 -1.2393078e+002  4.5992203e+001
 -1.2393081e+002  4.5992152e+001
 -1.2393099e+002  4.5992004e+001
 -1.2393105e+002  4.5991944e+001
 -1.2393119e+002  4.5991736e+001
 -1.2393120e+002  4.5991698e+001
 -1.2393122e+002  4.5991527e+001
 -1.2393128e+002  4.5991319e+001
 -1.2393136e+002  4.5991111e+001
 -1.2393140e+002  4.5990985e+001
 -1.2393143e+002  4.5990902e+001
 -1.2393147e+002  4.5990694e+001
 -1.2393152e+002  4.5990486e+001
 -1.2393161e+002  4.5990278e+001
 -1.2393161e+002  4.5990270e+001
 -1.2393177e+002  4.5990069e+001
 -1.2393182e+002  4.5989999e+001
 -1.2393188e+002  4.5989861e+001
 -1.2393198e+002  4.5989653e+001
 -1.2393203e+002  4.5989609e+001
 -1.2393211e+002  4.5989444e+001
 -1.2393217e+002  4.5989236e+001
 -1.2393220e+002  4.5989028e+001
 -1.2393223e+002  4.5988914e+001
 -1.2393225e+002  4.5988819e+001
 -1.2393230e+002  4.5988611e+001
 -1.2393236e+002  4.5988403e+001
 -1.2393238e+002  4.5988194e+001
 -1.2393242e+002  4.5987986e+001
 -1.2393244e+002  4.5987939e+001
 -1.2393255e+002  4.5987778e+001
 -1.2393265e+002  4.5987659e+001
 -1.2393271e+002  4.5987570e+001
 -1.2393276e+002  4.5987361e+001
 -1.2393285e+002  4.5987153e+001
 -1.2393286e+002  4.5987147e+001
 -1.2393296e+002  4.5986945e+001
 -1.2393304e+002  4.5986736e+001
 -1.2393306e+002  4.5986662e+001
 -1.2393309e+002  4.5986528e+001
 -1.2393315e+002  4.5986320e+001
 -1.2393323e+002  4.5986111e+001
 -1.2393327e+002  4.5985973e+001
 -1.2393331e+002  4.5985903e+001
 -1.2393340e+002  4.5985695e+001
 -1.2393348e+002  4.5985572e+001
 -1.2393351e+002  4.5985486e+001
 -1.2393363e+002  4.5985278e+001
 -1.2393369e+002  4.5985157e+001
 -1.2393371e+002  4.5985070e+001
 -1.2393373e+002  4.5984862e+001
 -1.2393379e+002  4.5984653e+001
 -1.2393387e+002  4.5984445e+001
 -1.2393389e+002  4.5984355e+001
 -1.2393391e+002  4.5984237e+001
 -1.2393391e+002  4.5984028e+001
 -1.2393393e+002  4.5983820e+001
 -1.2393394e+002  4.5983612e+001
 -1.2393396e+002  4.5983403e+001
 -1.2393395e+002  4.5983195e+001
 -1.2393397e+002  4.5982987e+001
 -1.2393397e+002  4.5982778e+001
 -1.2393399e+002  4.5982570e+001
 -1.2393399e+002  4.5982362e+001
 -1.2393401e+002  4.5982153e+001
 -1.2393405e+002  4.5981945e+001
 -1.2393410e+002  4.5981858e+001
 -1.2393419e+002  4.5981737e+001
 -1.2393429e+002  4.5981529e+001
 -1.2393431e+002  4.5981500e+001
 -1.2393439e+002  4.5981320e+001
 -1.2393452e+002  4.5981168e+001
 -1.2393454e+002  4.5981112e+001
 -1.2393461e+002  4.5980904e+001
 -1.2393463e+002  4.5980695e+001
 -1.2393468e+002  4.5980487e+001
 -1.2393472e+002  4.5980426e+001
 -1.2393477e+002  4.5980279e+001
 -1.2393484e+002  4.5980070e+001
 -1.2393488e+002  4.5979862e+001
 -1.2393493e+002  4.5979710e+001
 -1.2393495e+002  4.5979654e+001
 -1.2393510e+002  4.5979445e+001
 -1.2393514e+002  4.5979395e+001
 -1.2393525e+002  4.5979237e+001
 -1.2393529e+002  4.5979029e+001
 -1.2393534e+002  4.5978920e+001
 -1.2393537e+002  4.5978821e+001
 -1.2393546e+002  4.5978612e+001
 -1.2393555e+002  4.5978465e+001
 -1.2393558e+002  4.5978404e+001
 -1.2393563e+002  4.5978196e+001
 -1.2393571e+002  4.5977987e+001
 -1.2393576e+002  4.5977920e+001
 -1.2393594e+002  4.5977779e+001
 -1.2393597e+002  4.5977759e+001
 -1.2393617e+002  4.5977608e+001
 -1.2393620e+002  4.5977571e+001
 -1.2393626e+002  4.5977362e+001
 -1.2393635e+002  4.5977154e+001
 -1.2393638e+002  4.5977111e+001
 -1.2393648e+002  4.5976946e+001
 -1.2393659e+002  4.5976758e+001
 -1.2393661e+002  4.5976737e+001
 -1.2393671e+002  4.5976529e+001
 -1.2393680e+002  4.5976371e+001
 -1.2393683e+002  4.5976321e+001
 -1.2393700e+002  4.5976135e+001
 -1.2393702e+002  4.5976113e+001
 -1.2393703e+002  4.5975904e+001
 -1.2393700e+002  4.5975786e+001
 -1.2393695e+002  4.5975696e+001
 -1.2393680e+002  4.5975508e+001
 -1.2393678e+002  4.5975488e+001
 -1.2393669e+002  4.5975279e+001
 -1.2393659e+002  4.5975208e+001
 -1.2393645e+002  4.5975071e+001
 -1.2393651e+002  4.5974863e+001
 -1.2393659e+002  4.5974790e+001
 -1.2393680e+002  4.5974751e+001
 -1.2393700e+002  4.5974747e+001
 -1.2393721e+002  4.5974801e+001
 -1.2393736e+002  4.5974863e+001
 -1.2393742e+002  4.5974908e+001
 -1.2393763e+002  4.5974976e+001
 -1.2393783e+002  4.5975000e+001
 -1.2393804e+002  4.5975058e+001
 -1.2393806e+002  4.5975071e+001
 -1.2393825e+002  4.5975208e+001
 -1.2393846e+002  4.5975259e+001
 -1.2393851e+002  4.5975279e+001
 -1.2393866e+002  4.5975310e+001
 -1.2393887e+002  4.5975355e+001
 -1.2393908e+002  4.5975369e+001
 -1.2393929e+002  4.5975362e+001
 -1.2393949e+002  4.5975362e+001
 -1.2393970e+002  4.5975346e+001
 -1.2393991e+002  4.5975321e+001
 -1.2394011e+002  4.5975293e+001
 -1.2394032e+002  4.5975299e+001
 -1.2394053e+002  4.5975292e+001
 -1.2394061e+002  4.5975279e+001
 -1.2394074e+002  4.5975237e+001
 -1.2394094e+002  4.5975200e+001
 -1.2394115e+002  4.5975189e+001
 -1.2394136e+002  4.5975158e+001
 -1.2394157e+002  4.5975141e+001
 -1.2394177e+002  4.5975124e+001
 -1.2394198e+002  4.5975121e+001
 -1.2394219e+002  4.5975084e+001
 -1.2394225e+002  4.5975071e+001
 -1.2394240e+002  4.5974997e+001
 -1.2394260e+002  4.5974961e+001
 -1.2394281e+002  4.5974984e+001
 -1.2394302e+002  4.5975033e+001
 -1.2394309e+002  4.5975071e+001
 -1.2394323e+002  4.5975098e+001
 -1.2394343e+002  4.5975109e+001
 -1.2394364e+002  4.5975131e+001
 -1.2394385e+002  4.5975131e+001
 -1.2394406e+002  4.5975122e+001
 -1.2394426e+002  4.5975131e+001
 -1.2394447e+002  4.5975136e+001
 -1.2394468e+002  4.5975155e+001
 -1.2394488e+002  4.5975164e+001
 -1.2394509e+002  4.5975192e+001
 -1.2394529e+002  4.5975279e+001
 -1.2394530e+002  4.5975281e+001
 -1.2394550e+002  4.5975323e+001
