 -1.2392949e+002  4.6019991e+001
 -1.2392949e+002  4.6019857e+001
 -1.2392947e+002  4.6019649e+001
 -1.2392944e+002  4.6019441e+001
 -1.2392942e+002  4.6019232e+001
 -1.2392943e+002  4.6019024e+001
 -1.2392942e+002  4.6018816e+001
 -1.2392943e+002  4.6018608e+001
 -1.2392944e+002  4.6018399e+001
 -1.2392946e+002  4.6018191e+001
 -1.2392944e+002  4.6017983e+001
 -1.2392936e+002  4.6017774e+001
 -1.2392933e+002  4.6017720e+001
 -1.2392926e+002  4.6017566e+001
 -1.2392922e+002  4.6017358e+001
 -1.2392915e+002  4.6017149e+001
 -1.2392912e+002  4.6017064e+001
 -1.2392911e+002  4.6016941e+001
 -1.2392910e+002  4.6016733e+001
 -1.2392912e+002  4.6016524e+001
 -1.2392910e+002  4.6016316e+001
 -1.2392909e+002  4.6016108e+001
 -1.2392910e+002  4.6015900e+001
 -1.2392912e+002  4.6015724e+001
 -1.2392914e+002  4.6015691e+001
 -1.2392912e+002  4.6015639e+001
 -1.2392911e+002  4.6015483e+001
 -1.2392892e+002  4.6015283e+001
 -1.2392891e+002  4.6015275e+001
 -1.2392890e+002  4.6015066e+001
 -1.2392892e+002  4.6014924e+001
 -1.2392899e+002  4.6014858e+001
 -1.2392892e+002  4.6014778e+001
 -1.2392890e+002  4.6014650e+001
 -1.2392892e+002  4.6014441e+001
 -1.2392892e+002  4.6014440e+001
 -1.2392912e+002  4.6014408e+001
 -1.2392933e+002  4.6014415e+001
 -1.2392954e+002  4.6014383e+001
 -1.2392975e+002  4.6014299e+001
 -1.2392995e+002  4.6014341e+001
 -1.2393016e+002  4.6014291e+001
 -1.2393032e+002  4.6014233e+001
 -1.2393037e+002  4.6014181e+001
 -1.2393046e+002  4.6014025e+001
 -1.2393057e+002  4.6013816e+001
 -1.2393057e+002  4.6013816e+001
 -1.2393058e+002  4.6013816e+001
 -1.2393078e+002  4.6013832e+001
 -1.2393081e+002  4.6013816e+001
 -1.2393099e+002  4.6013739e+001
 -1.2393120e+002  4.6013702e+001
 -1.2393140e+002  4.6013711e+001
 -1.2393161e+002  4.6013719e+001
 -1.2393182e+002  4.6013684e+001
 -1.2393199e+002  4.6013608e+001
 -1.2393203e+002  4.6013598e+001
 -1.2393223e+002  4.6013604e+001
 -1.2393229e+002  4.6013608e+001
 -1.2393244e+002  4.6013620e+001
 -1.2393260e+002  4.6013608e+001
 -1.2393265e+002  4.6013605e+001
 -1.2393286e+002  4.6013588e+001
 -1.2393306e+002  4.6013604e+001
 -1.2393311e+002  4.6013608e+001
 -1.2393327e+002  4.6013622e+001
 -1.2393348e+002  4.6013640e+001
 -1.2393361e+002  4.6013608e+001
 -1.2393369e+002  4.6013589e+001
 -1.2393389e+002  4.6013400e+001
 -1.2393389e+002  4.6013390e+001
 -1.2393397e+002  4.6013400e+001
 -1.2393410e+002  4.6013410e+001
 -1.2393412e+002  4.6013400e+001
 -1.2393416e+002  4.6013191e+001
 -1.2393414e+002  4.6012983e+001
 -1.2393431e+002  4.6012830e+001
 -1.2393433e+002  4.6012775e+001
 -1.2393448e+002  4.6012567e+001
 -1.2393449e+002  4.6012358e+001
 -1.2393450e+002  4.6012150e+001
 -1.2393449e+002  4.6011942e+001
 -1.2393448e+002  4.6011733e+001
 -1.2393446e+002  4.6011525e+001
 -1.2393449e+002  4.6011317e+001
 -1.2393449e+002  4.6011108e+001
 -1.2393432e+002  4.6010900e+001
 -1.2393432e+002  4.6010692e+001
 -1.2393432e+002  4.6010483e+001
 -1.2393431e+002  4.6010458e+001
 -1.2393413e+002  4.6010275e+001
 -1.2393411e+002  4.6010067e+001
 -1.2393410e+002  4.6010037e+001
 -1.2393406e+002  4.6009859e+001
 -1.2393400e+002  4.6009650e+001
 -1.2393389e+002  4.6009443e+001
 -1.2393389e+002  4.6009442e+001
 -1.2393369e+002  4.6009256e+001
 -1.2393367e+002  4.6009234e+001
 -1.2393359e+002  4.6009025e+001
 -1.2393348e+002  4.6008841e+001
 -1.2393346e+002  4.6008817e+001
 -1.2393327e+002  4.6008705e+001
 -1.2393317e+002  4.6008609e+001
 -1.2393306e+002  4.6008507e+001
 -1.2393295e+002  4.6008400e+001
 -1.2393290e+002  4.6008192e+001
 -1.2393286e+002  4.6008015e+001
 -1.2393283e+002  4.6007984e+001
 -1.2393265e+002  4.6007910e+001
 -1.2393245e+002  4.6007775e+001
 -1.2393244e+002  4.6007770e+001
 -1.2393223e+002  4.6007674e+001
 -1.2393203e+002  4.6007579e+001
 -1.2393199e+002  4.6007567e+001
 -1.2393182e+002  4.6007485e+001
 -1.2393161e+002  4.6007424e+001
 -1.2393140e+002  4.6007376e+001
 -1.2393136e+002  4.6007359e+001
 -1.2393120e+002  4.6007310e+001
 -1.2393099e+002  4.6007298e+001
 -1.2393078e+002  4.6007277e+001
 -1.2393057e+002  4.6007151e+001
 -1.2393037e+002  4.6007162e+001
 -1.2393032e+002  4.6007151e+001
 -1.2393016e+002  4.6007127e+001
 -1.2392995e+002  4.6007077e+001
 -1.2392975e+002  4.6007083e+001
 -1.2392954e+002  4.6007052e+001
 -1.2392933e+002  4.6007028e+001
 -1.2392912e+002  4.6006992e+001
 -1.2392892e+002  4.6006945e+001
 -1.2392871e+002  4.6006947e+001
 -1.2392868e+002  4.6006942e+001
 -1.2392850e+002  4.6006875e+001
 -1.2392829e+002  4.6006836e+001
 -1.2392809e+002  4.6006807e+001
 -1.2392788e+002  4.6006760e+001
 -1.2392771e+002  4.6006734e+001
 -1.2392767e+002  4.6006726e+001
 -1.2392765e+002  4.6006734e+001
 -1.2392746e+002  4.6006785e+001
 -1.2392726e+002  4.6006737e+001
 -1.2392705e+002  4.6006738e+001
 -1.2392694e+002  4.6006734e+001
 -1.2392684e+002  4.6006725e+001
 -1.2392674e+002  4.6006526e+001
 -1.2392663e+002  4.6006446e+001
 -1.2392662e+002  4.6006317e+001
 -1.2392661e+002  4.6006109e+001
 -1.2392663e+002  4.6006081e+001
 -1.2392680e+002  4.6005901e+001
 -1.2392681e+002  4.6005692e+001
 -1.2392679e+002  4.6005484e+001
 -1.2392679e+002  4.6005276e+001
 -1.2392679e+002  4.6005067e+001
 -1.2392681e+002  4.6004859e+001
 -1.2392684e+002  4.6004741e+001
 -1.2392691e+002  4.6004651e+001
 -1.2392705e+002  4.6004549e+001
 -1.2392713e+002  4.6004443e+001
 -1.2392717e+002  4.6004234e+001
 -1.2392726e+002  4.6004128e+001
 -1.2392734e+002  4.6004026e+001
 -1.2392740e+002  4.6003818e+001
 -1.2392746e+002  4.6003728e+001
 -1.2392757e+002  4.6003609e+001
 -1.2392767e+002  4.6003402e+001
 -1.2392767e+002  4.6003401e+001
 -1.2392784e+002  4.6003193e+001
 -1.2392788e+002  4.6003140e+001
 -1.2392796e+002  4.6002984e+001
 -1.2392809e+002  4.6002913e+001
 -1.2392821e+002  4.6002776e+001
 -1.2392829e+002  4.6002640e+001
 -1.2392840e+002  4.6002568e+001
 -1.2392850e+002  4.6002414e+001
 -1.2392854e+002  4.6002359e+001
 -1.2392867e+002  4.6002151e+001
 -1.2392871e+002  4.6002128e+001
 -1.2392881e+002  4.6001943e+001
 -1.2392884e+002  4.6001735e+001
 -1.2392884e+002  4.6001526e+001
 -1.2392884e+002  4.6001318e+001
 -1.2392887e+002  4.6001110e+001
 -1.2392892e+002  4.6001052e+001
 -1.2392901e+002  4.6000901e+001
 -1.2392912e+002  4.6000693e+001
 -1.2392912e+002  4.6000686e+001
 -1.2392933e+002  4.6000521e+001
 -1.2392936e+002  4.6000485e+001
 -1.2392954e+002  4.6000403e+001
 -1.2392966e+002  4.6000276e+001
 -1.2392972e+002  4.6000068e+001
 -1.2392969e+002  4.5999860e+001
 -1.2392963e+002  4.5999651e+001
 -1.2392954e+002  4.5999572e+001
 -1.2392933e+002  4.5999502e+001
 -1.2392924e+002  4.5999443e+001
 -1.2392912e+002  4.5999379e+001
 -1.2392902e+002  4.5999235e+001
 -1.2392900e+002  4.5999027e+001
 -1.2392901e+002  4.5998818e+001
 -1.2392901e+002  4.5998610e+001
 -1.2392908e+002  4.5998402e+001
 -1.2392912e+002  4.5998305e+001
 -1.2392919e+002  4.5998193e+001
 -1.2392926e+002  4.5997985e+001
 -1.2392931e+002  4.5997777e+001
 -1.2392933e+002  4.5997737e+001
 -1.2392943e+002  4.5997568e+001
 -1.2392952e+002  4.5997360e+001
 -1.2392954e+002  4.5997334e+001
 -1.2392959e+002  4.5997152e+001
 -1.2392963e+002  4.5996943e+001
 -1.2392963e+002  4.5996735e+001
 -1.2392965e+002  4.5996527e+001
 -1.2392970e+002  4.5996318e+001
 -1.2392975e+002  4.5996241e+001
 -1.2392981e+002  4.5996110e+001
 -1.2392985e+002  4.5995902e+001
 -1.2392986e+002  4.5995694e+001
 -1.2392989e+002  4.5995485e+001
 -1.2392995e+002  4.5995355e+001
 -1.2393002e+002  4.5995277e+001
 -1.2393013e+002  4.5995069e+001
 -1.2393015e+002  4.5994860e+001
 -1.2393016e+002  4.5994770e+001
 -1.2393017e+002  4.5994652e+001
 -1.2393034e+002  4.5994444e+001
 -1.2393037e+002  4.5994418e+001
 -1.2393045e+002  4.5994235e+001
 -1.2393047e+002  4.5994027e+001
 -1.2393047e+002  4.5993819e+001
 -1.2393050e+002  4.5993610e+001
 -1.2393057e+002  4.5993471e+001
 -1.2393061e+002  4.5993402e+001
 -1.2393065e+002  4.5993194e+001
 -1.2393068e+002  4.5992986e+001
 -1.2393075e+002  4.5992777e+001
 -1.2393078e+002  4.5992740e+001
 -1.2393097e+002  4.5992569e+001
 -1.2393099e+002  4.5992509e+001
 -1.2393106e+002  4.5992361e+001
 -1.2393120e+002  4.5992171e+001
 -1.2393121e+002  4.5992152e+001
 -1.2393130e+002  4.5991944e+001
 -1.2393138e+002  4.5991736e+001
 -1.2393140e+002  4.5991670e+001
 -1.2393144e+002  4.5991527e+001
 -1.2393149e+002  4.5991319e+001
 -1.2393156e+002  4.5991111e+001
 -1.2393161e+002  4.5991031e+001
 -1.2393173e+002  4.5990902e+001
 -1.2393179e+002  4.5990694e+001
 -1.2393182e+002  4.5990616e+001
 -1.2393186e+002  4.5990486e+001
 -1.2393198e+002  4.5990278e+001
 -1.2393203e+002  4.5990237e+001
 -1.2393210e+002  4.5990069e+001
 -1.2393214e+002  4.5989861e+001
 -1.2393218e+002  4.5989653e+001
 -1.2393223e+002  4.5989588e+001
 -1.2393231e+002  4.5989444e+001
 -1.2393235e+002  4.5989236e+001
 -1.2393238e+002  4.5989028e+001
 -1.2393241e+002  4.5988819e+001
 -1.2393244e+002  4.5988768e+001
 -1.2393256e+002  4.5988611e+001
 -1.2393263e+002  4.5988403e+001
 -1.2393265e+002  4.5988325e+001
 -1.2393268e+002  4.5988194e+001
 -1.2393276e+002  4.5987986e+001
 -1.2393286e+002  4.5987876e+001
 -1.2393291e+002  4.5987778e+001
 -1.2393296e+002  4.5987570e+001
 -1.2393299e+002  4.5987361e+001
 -1.2393305e+002  4.5987153e+001
 -1.2393306e+002  4.5987137e+001
 -1.2393316e+002  4.5986945e+001
 -1.2393324e+002  4.5986736e+001
 -1.2393327e+002  4.5986658e+001
 -1.2393335e+002  4.5986528e+001
 -1.2393344e+002  4.5986320e+001
 -1.2393348e+002  4.5986246e+001
 -1.2393355e+002  4.5986111e+001
 -1.2393369e+002  4.5985928e+001
 -1.2393370e+002  4.5985903e+001
 -1.2393373e+002  4.5985695e+001
 -1.2393377e+002  4.5985486e+001
 -1.2393382e+002  4.5985278e+001
 -1.2393389e+002  4.5985099e+001
 -1.2393391e+002  4.5985070e+001
 -1.2393394e+002  4.5984862e+001
 -1.2393397e+002  4.5984653e+001
 -1.2393402e+002  4.5984445e+001
 -1.2393407e+002  4.5984237e+001
 -1.2393410e+002  4.5984028e+001
 -1.2393409e+002  4.5983820e+001
 -1.2393409e+002  4.5983612e+001
 -1.2393410e+002  4.5983531e+001
 -1.2393412e+002  4.5983403e+001
 -1.2393413e+002  4.5983195e+001
 -1.2393414e+002  4.5982987e+001
 -1.2393417e+002  4.5982778e+001
 -1.2393420e+002  4.5982570e+001
 -1.2393422e+002  4.5982362e+001
 -1.2393426e+002  4.5982153e+001
 -1.2393430e+002  4.5981945e+001
 -1.2393431e+002  4.5981921e+001
 -1.2393443e+002  4.5981737e+001
 -1.2393452e+002  4.5981596e+001
 -1.2393454e+002  4.5981529e+001
 -1.2393459e+002  4.5981320e+001
 -1.2393463e+002  4.5981112e+001
 -1.2393472e+002  4.5980944e+001
 -1.2393475e+002  4.5980904e+001
 -1.2393478e+002  4.5980695e+001
 -1.2393481e+002  4.5980487e+001
 -1.2393486e+002  4.5980279e+001
 -1.2393493e+002  4.5980180e+001
 -1.2393505e+002  4.5980070e+001
 -1.2393511e+002  4.5979862e+001
 -1.2393514e+002  4.5979796e+001
 -1.2393518e+002  4.5979654e+001
 -1.2393534e+002  4.5979459e+001
 -1.2393535e+002  4.5979445e+001
 -1.2393544e+002  4.5979237e+001
 -1.2393547e+002  4.5979029e+001
 -1.2393552e+002  4.5978821e+001
 -1.2393555e+002  4.5978786e+001
 -1.2393564e+002  4.5978612e+001
 -1.2393574e+002  4.5978404e+001
 -1.2393576e+002  4.5978376e+001
 -1.2393588e+002  4.5978196e+001
 -1.2393597e+002  4.5978030e+001
 -1.2393599e+002  4.5977987e+001
 -1.2393617e+002  4.5977829e+001
 -1.2393621e+002  4.5977779e+001
 -1.2393635e+002  4.5977571e+001
 -1.2393638e+002  4.5977511e+001
 -1.2393644e+002  4.5977362e+001
 -1.2393650e+002  4.5977154e+001
 -1.2393659e+002  4.5977036e+001
 -1.2393671e+002  4.5976946e+001
 -1.2393680e+002  4.5976848e+001
 -1.2393695e+002  4.5976737e+001
 -1.2393700e+002  4.5976659e+001
 -1.2393705e+002  4.5976529e+001
 -1.2393711e+002  4.5976321e+001
 -1.2393721e+002  4.5976194e+001
 -1.2393731e+002  4.5976113e+001
 -1.2393742e+002  4.5975967e+001
 -1.2393761e+002  4.5975904e+001
 -1.2393763e+002  4.5975894e+001
 -1.2393783e+002  4.5975848e+001
 -1.2393803e+002  4.5975696e+001
 -1.2393804e+002  4.5975688e+001
 -1.2393825e+002  4.5975598e+001
 -1.2393846e+002  4.5975566e+001
 -1.2393866e+002  4.5975550e+001
 -1.2393887e+002  4.5975543e+001
 -1.2393908e+002  4.5975527e+001
 -1.2393929e+002  4.5975516e+001
 -1.2393949e+002  4.5975488e+001
 -1.2393949e+002  4.5975487e+001
 -1.2393970e+002  4.5975440e+001
 -1.2393991e+002  4.5975401e+001
 -1.2394011e+002  4.5975381e+001
 -1.2394032e+002  4.5975375e+001
 -1.2394053e+002  4.5975374e+001
 -1.2394074e+002  4.5975374e+001
 -1.2394094e+002  4.5975363e+001
 -1.2394115e+002  4.5975352e+001
 -1.2394135e+002  4.5975279e+001
 -1.2394136e+002  4.5975275e+001
 -1.2394157e+002  4.5975191e+001
 -1.2394177e+002  4.5975171e+001
 -1.2394198e+002  4.5975163e+001
 -1.2394219e+002  4.5975162e+001
 -1.2394240e+002  4.5975147e+001
 -1.2394260e+002  4.5975138e+001
 -1.2394281e+002  4.5975146e+001
 -1.2394302e+002  4.5975161e+001
 -1.2394323e+002  4.5975161e+001
 -1.2394343e+002  4.5975160e+001
 -1.2394364e+002  4.5975161e+001
 -1.2394385e+002  4.5975160e+001
 -1.2394406e+002  4.5975158e+001
 -1.2394426e+002  4.5975161e+001
 -1.2394447e+002  4.5975173e+001
 -1.2394468e+002  4.5975227e+001
 -1.2394484e+002  4.5975279e+001
 -1.2394488e+002  4.5975296e+001
 -1.2394509e+002  4.5975348e+001
 -1.2394530e+002  4.5975375e+001
 -1.2394550e+002  4.5975375e+001
