 -1.2392922e+002  4.6019991e+001
 -1.2392921e+002  4.6019857e+001
 -1.2392922e+002  4.6019649e+001
 -1.2392922e+002  4.6019441e+001
 -1.2392922e+002  4.6019232e+001
 -1.2392920e+002  4.6019024e+001
 -1.2392919e+002  4.6018816e+001
 -1.2392912e+002  4.6018660e+001
 -1.2392908e+002  4.6018608e+001
 -1.2392900e+002  4.6018399e+001
 -1.2392897e+002  4.6018191e+001
 -1.2392898e+002  4.6017983e+001
 -1.2392897e+002  4.6017774e+001
 -1.2392897e+002  4.6017566e+001
 -1.2392895e+002  4.6017358e+001
 -1.2392897e+002  4.6017149e+001
 -1.2392896e+002  4.6016941e+001
 -1.2392896e+002  4.6016733e+001
 -1.2392894e+002  4.6016524e+001
 -1.2392894e+002  4.6016316e+001
 -1.2392892e+002  4.6016172e+001
 -1.2392888e+002  4.6016108e+001
 -1.2392880e+002  4.6015900e+001
 -1.2392877e+002  4.6015691e+001
 -1.2392877e+002  4.6015483e+001
 -1.2392873e+002  4.6015275e+001
 -1.2392871e+002  4.6015134e+001
 -1.2392867e+002  4.6015066e+001
 -1.2392860e+002  4.6014858e+001
 -1.2392856e+002  4.6014650e+001
 -1.2392850e+002  4.6014542e+001
 -1.2392845e+002  4.6014441e+001
 -1.2392830e+002  4.6014233e+001
 -1.2392829e+002  4.6014224e+001
 -1.2392822e+002  4.6014025e+001
 -1.2392820e+002  4.6013816e+001
 -1.2392816e+002  4.6013608e+001
 -1.2392809e+002  4.6013420e+001
 -1.2392806e+002  4.6013400e+001
 -1.2392794e+002  4.6013191e+001
 -1.2392788e+002  4.6013095e+001
 -1.2392780e+002  4.6012983e+001
 -1.2392767e+002  4.6012906e+001
 -1.2392755e+002  4.6012775e+001
 -1.2392746e+002  4.6012697e+001
 -1.2392726e+002  4.6012586e+001
 -1.2392720e+002  4.6012567e+001
 -1.2392705e+002  4.6012510e+001
 -1.2392684e+002  4.6012441e+001
 -1.2392671e+002  4.6012358e+001
 -1.2392663e+002  4.6012299e+001
 -1.2392643e+002  4.6012150e+001
 -1.2392643e+002  4.6012144e+001
 -1.2392622e+002  4.6012095e+001
 -1.2392608e+002  4.6011942e+001
 -1.2392601e+002  4.6011849e+001
 -1.2392596e+002  4.6011733e+001
 -1.2392587e+002  4.6011525e+001
 -1.2392581e+002  4.6011382e+001
 -1.2392578e+002  4.6011317e+001
 -1.2392560e+002  4.6011170e+001
 -1.2392539e+002  4.6011161e+001
 -1.2392518e+002  4.6011181e+001
 -1.2392498e+002  4.6011201e+001
 -1.2392477e+002  4.6011184e+001
 -1.2392456e+002  4.6011172e+001
 -1.2392435e+002  4.6011141e+001
 -1.2392426e+002  4.6011108e+001
 -1.2392415e+002  4.6011050e+001
 -1.2392395e+002  4.6010900e+001
 -1.2392394e+002  4.6010885e+001
 -1.2392373e+002  4.6010694e+001
 -1.2392373e+002  4.6010692e+001
 -1.2392356e+002  4.6010483e+001
 -1.2392352e+002  4.6010457e+001
 -1.2392340e+002  4.6010275e+001
 -1.2392332e+002  4.6010148e+001
 -1.2392329e+002  4.6010067e+001
 -1.2392328e+002  4.6009859e+001
 -1.2392327e+002  4.6009650e+001
 -1.2392324e+002  4.6009442e+001
 -1.2392328e+002  4.6009234e+001
 -1.2392328e+002  4.6009025e+001
 -1.2392332e+002  4.6008866e+001
 -1.2392333e+002  4.6008817e+001
 -1.2392352e+002  4.6008687e+001
 -1.2392370e+002  4.6008609e+001
 -1.2392373e+002  4.6008595e+001
 -1.2392394e+002  4.6008519e+001
 -1.2392415e+002  4.6008470e+001
 -1.2392430e+002  4.6008400e+001
 -1.2392435e+002  4.6008355e+001
 -1.2392452e+002  4.6008192e+001
 -1.2392456e+002  4.6008089e+001
 -1.2392460e+002  4.6007984e+001
 -1.2392463e+002  4.6007775e+001
 -1.2392477e+002  4.6007706e+001
 -1.2392498e+002  4.6007624e+001
 -1.2392506e+002  4.6007567e+001
 -1.2392518e+002  4.6007430e+001
 -1.2392530e+002  4.6007359e+001
 -1.2392539e+002  4.6007302e+001
 -1.2392560e+002  4.6007197e+001
 -1.2392563e+002  4.6007151e+001
 -1.2392581e+002  4.6007011e+001
 -1.2392586e+002  4.6006942e+001
 -1.2392599e+002  4.6006734e+001
 -1.2392601e+002  4.6006689e+001
 -1.2392609e+002  4.6006526e+001
 -1.2392621e+002  4.6006317e+001
 -1.2392622e+002  4.6006297e+001
 -1.2392633e+002  4.6006109e+001
 -1.2392643e+002  4.6005985e+001
 -1.2392646e+002  4.6005901e+001
 -1.2392647e+002  4.6005692e+001
 -1.2392649e+002  4.6005484e+001
 -1.2392652e+002  4.6005276e+001
 -1.2392652e+002  4.6005067e+001
 -1.2392652e+002  4.6004859e+001
 -1.2392656e+002  4.6004651e+001
 -1.2392661e+002  4.6004443e+001
 -1.2392663e+002  4.6004381e+001
 -1.2392668e+002  4.6004234e+001
 -1.2392672e+002  4.6004026e+001
 -1.2392681e+002  4.6003818e+001
 -1.2392684e+002  4.6003784e+001
 -1.2392705e+002  4.6003648e+001
 -1.2392710e+002  4.6003609e+001
 -1.2392726e+002  4.6003506e+001
 -1.2392734e+002  4.6003401e+001
 -1.2392742e+002  4.6003193e+001
 -1.2392746e+002  4.6003103e+001
 -1.2392751e+002  4.6002984e+001
 -1.2392766e+002  4.6002776e+001
 -1.2392767e+002  4.6002768e+001
 -1.2392788e+002  4.6002614e+001
 -1.2392795e+002  4.6002568e+001
 -1.2392809e+002  4.6002364e+001
 -1.2392809e+002  4.6002359e+001
 -1.2392816e+002  4.6002151e+001
 -1.2392829e+002  4.6001953e+001
 -1.2392831e+002  4.6001943e+001
 -1.2392846e+002  4.6001735e+001
 -1.2392847e+002  4.6001526e+001
 -1.2392841e+002  4.6001318e+001
 -1.2392832e+002  4.6001110e+001
 -1.2392829e+002  4.6000903e+001
 -1.2392829e+002  4.6000901e+001
 -1.2392829e+002  4.6000901e+001
 -1.2392836e+002  4.6000693e+001
 -1.2392850e+002  4.6000503e+001
 -1.2392852e+002  4.6000485e+001
 -1.2392871e+002  4.6000390e+001
 -1.2392892e+002  4.6000287e+001
 -1.2392894e+002  4.6000276e+001
 -1.2392912e+002  4.6000134e+001
 -1.2392923e+002  4.6000068e+001
 -1.2392919e+002  4.5999860e+001
 -1.2392912e+002  4.5999805e+001
 -1.2392899e+002  4.5999651e+001
 -1.2392892e+002  4.5999543e+001
 -1.2392888e+002  4.5999443e+001
 -1.2392879e+002  4.5999235e+001
 -1.2392877e+002  4.5999027e+001
 -1.2392879e+002  4.5998818e+001
 -1.2392883e+002  4.5998610e+001
 -1.2392892e+002  4.5998412e+001
 -1.2392892e+002  4.5998402e+001
 -1.2392894e+002  4.5998193e+001
 -1.2392898e+002  4.5997985e+001
 -1.2392904e+002  4.5997777e+001
 -1.2392912e+002  4.5997590e+001
 -1.2392914e+002  4.5997568e+001
 -1.2392918e+002  4.5997360e+001
 -1.2392925e+002  4.5997152e+001
 -1.2392933e+002  4.5997024e+001
 -1.2392936e+002  4.5996943e+001
 -1.2392942e+002  4.5996735e+001
 -1.2392944e+002  4.5996527e+001
 -1.2392954e+002  4.5996318e+001
 -1.2392954e+002  4.5996317e+001
 -1.2392960e+002  4.5996110e+001
 -1.2392965e+002  4.5995902e+001
 -1.2392967e+002  4.5995694e+001
 -1.2392975e+002  4.5995485e+001
 -1.2392975e+002  4.5995485e+001
 -1.2392980e+002  4.5995277e+001
 -1.2392984e+002  4.5995069e+001
 -1.2392985e+002  4.5994860e+001
 -1.2392988e+002  4.5994652e+001
 -1.2392995e+002  4.5994483e+001
 -1.2392997e+002  4.5994444e+001
 -1.2393008e+002  4.5994235e+001
 -1.2393016e+002  4.5994027e+001
 -1.2393016e+002  4.5994017e+001
 -1.2393021e+002  4.5993819e+001
 -1.2393029e+002  4.5993610e+001
 -1.2393037e+002  4.5993469e+001
 -1.2393038e+002  4.5993402e+001
 -1.2393040e+002  4.5993194e+001
 -1.2393044e+002  4.5992986e+001
 -1.2393051e+002  4.5992777e+001
 -1.2393057e+002  4.5992653e+001
 -1.2393061e+002  4.5992569e+001
 -1.2393067e+002  4.5992361e+001
 -1.2393073e+002  4.5992152e+001
 -1.2393078e+002  4.5992029e+001
 -1.2393087e+002  4.5991944e+001
 -1.2393099e+002  4.5991832e+001
 -1.2393107e+002  4.5991736e+001
 -1.2393113e+002  4.5991527e+001
 -1.2393120e+002  4.5991384e+001
 -1.2393121e+002  4.5991319e+001
 -1.2393128e+002  4.5991111e+001
 -1.2393137e+002  4.5990902e+001
 -1.2393140e+002  4.5990767e+001
 -1.2393142e+002  4.5990694e+001
 -1.2393146e+002  4.5990486e+001
 -1.2393151e+002  4.5990278e+001
 -1.2393161e+002  4.5990069e+001
 -1.2393161e+002  4.5990069e+001
 -1.2393172e+002  4.5989861e+001
 -1.2393182e+002  4.5989712e+001
 -1.2393185e+002  4.5989653e+001
 -1.2393203e+002  4.5989448e+001
 -1.2393203e+002  4.5989444e+001
 -1.2393211e+002  4.5989236e+001
 -1.2393214e+002  4.5989028e+001
 -1.2393218e+002  4.5988819e+001
 -1.2393223e+002  4.5988622e+001
 -1.2393224e+002  4.5988611e+001
 -1.2393228e+002  4.5988403e+001
 -1.2393230e+002  4.5988194e+001
 -1.2393233e+002  4.5987986e+001
 -1.2393240e+002  4.5987778e+001
 -1.2393244e+002  4.5987670e+001
 -1.2393251e+002  4.5987570e+001
 -1.2393263e+002  4.5987361e+001
 -1.2393265e+002  4.5987324e+001
 -1.2393272e+002  4.5987153e+001
 -1.2393286e+002  4.5986950e+001
 -1.2393286e+002  4.5986945e+001
 -1.2393293e+002  4.5986736e+001
 -1.2393297e+002  4.5986528e+001
 -1.2393303e+002  4.5986320e+001
 -1.2393306e+002  4.5986222e+001
 -1.2393310e+002  4.5986111e+001
 -1.2393317e+002  4.5985903e+001
 -1.2393321e+002  4.5985695e+001
 -1.2393324e+002  4.5985486e+001
 -1.2393327e+002  4.5985411e+001
 -1.2393338e+002  4.5985278e+001
 -1.2393348e+002  4.5985188e+001
 -1.2393354e+002  4.5985070e+001
 -1.2393358e+002  4.5984862e+001
 -1.2393366e+002  4.5984653e+001
 -1.2393369e+002  4.5984610e+001
 -1.2393374e+002  4.5984445e+001
 -1.2393379e+002  4.5984237e+001
 -1.2393380e+002  4.5984028e+001
 -1.2393381e+002  4.5983820e+001
 -1.2393383e+002  4.5983612e+001
 -1.2393385e+002  4.5983403e+001
 -1.2393385e+002  4.5983195e+001
 -1.2393387e+002  4.5982987e+001
 -1.2393387e+002  4.5982778e+001
 -1.2393389e+002  4.5982570e+001
 -1.2393389e+002  4.5982496e+001
 -1.2393389e+002  4.5982362e+001
 -1.2393392e+002  4.5982153e+001
 -1.2393397e+002  4.5981945e+001
 -1.2393405e+002  4.5981737e+001
 -1.2393410e+002  4.5981548e+001
 -1.2393411e+002  4.5981529e+001
 -1.2393420e+002  4.5981320e+001
 -1.2393431e+002  4.5981230e+001
 -1.2393440e+002  4.5981112e+001
 -1.2393452e+002  4.5980920e+001
 -1.2393452e+002  4.5980904e+001
 -1.2393455e+002  4.5980695e+001
 -1.2393459e+002  4.5980487e+001
 -1.2393467e+002  4.5980279e+001
 -1.2393472e+002  4.5980167e+001
 -1.2393475e+002  4.5980070e+001
 -1.2393479e+002  4.5979862e+001
 -1.2393484e+002  4.5979654e+001
 -1.2393490e+002  4.5979445e+001
 -1.2393493e+002  4.5979360e+001
 -1.2393502e+002  4.5979237e+001
 -1.2393514e+002  4.5979034e+001
 -1.2393514e+002  4.5979029e+001
 -1.2393522e+002  4.5978821e+001
 -1.2393534e+002  4.5978639e+001
 -1.2393536e+002  4.5978612e+001
 -1.2393543e+002  4.5978404e+001
 -1.2393548e+002  4.5978196e+001
 -1.2393555e+002  4.5978051e+001
 -1.2393557e+002  4.5977987e+001
 -1.2393568e+002  4.5977779e+001
 -1.2393576e+002  4.5977676e+001
 -1.2393592e+002  4.5977571e+001
 -1.2393597e+002  4.5977525e+001
 -1.2393608e+002  4.5977362e+001
 -1.2393617e+002  4.5977222e+001
 -1.2393620e+002  4.5977154e+001
 -1.2393631e+002  4.5976946e+001
 -1.2393638e+002  4.5976857e+001
 -1.2393644e+002  4.5976737e+001
 -1.2393649e+002  4.5976529e+001
 -1.2393651e+002  4.5976321e+001
 -1.2393654e+002  4.5976113e+001
 -1.2393652e+002  4.5975904e+001
 -1.2393643e+002  4.5975696e+001
 -1.2393638e+002  4.5975641e+001
 -1.2393617e+002  4.5975506e+001
 -1.2393603e+002  4.5975488e+001
 -1.2393597e+002  4.5975482e+001
 -1.2393576e+002  4.5975460e+001
 -1.2393555e+002  4.5975414e+001
 -1.2393534e+002  4.5975379e+001
 -1.2393514e+002  4.5975366e+001
 -1.2393493e+002  4.5975326e+001
 -1.2393485e+002  4.5975279e+001
 -1.2393472e+002  4.5975176e+001
 -1.2393461e+002  4.5975071e+001
 -1.2393452e+002  4.5974908e+001
 -1.2393447e+002  4.5974863e+001
 -1.2393442e+002  4.5974654e+001
 -1.2393450e+002  4.5974446e+001
 -1.2393452e+002  4.5974436e+001
 -1.2393472e+002  4.5974238e+001
 -1.2393472e+002  4.5974226e+001
 -1.2393480e+002  4.5974029e+001
 -1.2393493e+002  4.5973839e+001
 -1.2393496e+002  4.5973821e+001
 -1.2393514e+002  4.5973781e+001
 -1.2393534e+002  4.5973775e+001
 -1.2393555e+002  4.5973784e+001
 -1.2393563e+002  4.5973821e+001
 -1.2393576e+002  4.5974000e+001
 -1.2393580e+002  4.5974029e+001
 -1.2393597e+002  4.5974140e+001
 -1.2393617e+002  4.5974225e+001
 -1.2393619e+002  4.5974238e+001
 -1.2393638e+002  4.5974334e+001
 -1.2393659e+002  4.5974415e+001
 -1.2393678e+002  4.5974446e+001
 -1.2393680e+002  4.5974449e+001
 -1.2393700e+002  4.5974486e+001
 -1.2393721e+002  4.5974552e+001
 -1.2393742e+002  4.5974586e+001
 -1.2393763e+002  4.5974603e+001
 -1.2393783e+002  4.5974603e+001
 -1.2393804e+002  4.5974587e+001
 -1.2393825e+002  4.5974645e+001
 -1.2393827e+002  4.5974654e+001
 -1.2393846e+002  4.5974803e+001
 -1.2393851e+002  4.5974863e+001
 -1.2393866e+002  4.5975008e+001
 -1.2393871e+002  4.5975071e+001
 -1.2393887e+002  4.5975175e+001
 -1.2393908e+002  4.5975245e+001
 -1.2393929e+002  4.5975244e+001
 -1.2393949e+002  4.5975244e+001
 -1.2393970e+002  4.5975222e+001
 -1.2393991e+002  4.5975200e+001
 -1.2394011e+002  4.5975176e+001
 -1.2394032e+002  4.5975184e+001
 -1.2394053e+002  4.5975173e+001
 -1.2394074e+002  4.5975155e+001
 -1.2394094e+002  4.5975138e+001
 -1.2394115e+002  4.5975140e+001
 -1.2394136e+002  4.5975128e+001
 -1.2394157e+002  4.5975093e+001
 -1.2394168e+002  4.5975071e+001
 -1.2394177e+002  4.5975016e+001
 -1.2394198e+002  4.5974982e+001
 -1.2394219e+002  4.5974896e+001
 -1.2394231e+002  4.5974863e+001
 -1.2394240e+002  4.5974824e+001
 -1.2394260e+002  4.5974806e+001
 -1.2394281e+002  4.5974840e+001
 -1.2394294e+002  4.5974863e+001
 -1.2394302e+002  4.5974872e+001
 -1.2394323e+002  4.5974918e+001
 -1.2394343e+002  4.5974936e+001
 -1.2394364e+002  4.5974993e+001
 -1.2394381e+002  4.5975071e+001
 -1.2394385e+002  4.5975076e+001
 -1.2394406e+002  4.5975078e+001
 -1.2394426e+002  4.5975106e+001
 -1.2394447e+002  4.5975116e+001
 -1.2394468e+002  4.5975124e+001
 -1.2394488e+002  4.5975119e+001
 -1.2394509e+002  4.5975136e+001
 -1.2394530e+002  4.5975157e+001
 -1.2394550e+002  4.5975187e+001
