 -1.2392876e+002  4.6019991e+001
 -1.2392873e+002  4.6019901e+001
 -1.2392873e+002  4.6019777e+001
 -1.2392872e+002  4.6019653e+001
 -1.2392871e+002  4.6019529e+001
 -1.2392871e+002  4.6019405e+001
 -1.2392871e+002  4.6019280e+001
 -1.2392870e+002  4.6019200e+001
 -1.2392869e+002  4.6019156e+001
 -1.2392866e+002  4.6019032e+001
 -1.2392862e+002  4.6018908e+001
 -1.2392859e+002  4.6018799e+001
 -1.2392858e+002  4.6018783e+001
 -1.2392855e+002  4.6018659e+001
 -1.2392853e+002  4.6018535e+001
 -1.2392852e+002  4.6018411e+001
 -1.2392851e+002  4.6018287e+001
 -1.2392849e+002  4.6018162e+001
 -1.2392848e+002  4.6018038e+001
 -1.2392848e+002  4.6017984e+001
 -1.2392847e+002  4.6017914e+001
 -1.2392846e+002  4.6017790e+001
 -1.2392845e+002  4.6017666e+001
 -1.2392845e+002  4.6017541e+001
 -1.2392844e+002  4.6017417e+001
 -1.2392844e+002  4.6017293e+001
 -1.2392844e+002  4.6017169e+001
 -1.2392843e+002  4.6017045e+001
 -1.2392842e+002  4.6016920e+001
 -1.2392839e+002  4.6016796e+001
 -1.2392837e+002  4.6016672e+001
 -1.2392837e+002  4.6016648e+001
 -1.2392833e+002  4.6016548e+001
 -1.2392830e+002  4.6016424e+001
 -1.2392827e+002  4.6016299e+001
 -1.2392825e+002  4.6016208e+001
 -1.2392824e+002  4.6016175e+001
 -1.2392820e+002  4.6016051e+001
 -1.2392814e+002  4.6015969e+001
 -1.2392810e+002  4.6015927e+001
 -1.2392803e+002  4.6015855e+001
 -1.2392800e+002  4.6015802e+001
 -1.2392796e+002  4.6015678e+001
 -1.2392792e+002  4.6015554e+001
 -1.2392792e+002  4.6015549e+001
 -1.2392788e+002  4.6015430e+001
 -1.2392783e+002  4.6015306e+001
 -1.2392781e+002  4.6015239e+001
 -1.2392778e+002  4.6015181e+001
 -1.2392773e+002  4.6015057e+001
 -1.2392770e+002  4.6014977e+001
 -1.2392767e+002  4.6014933e+001
 -1.2392761e+002  4.6014809e+001
 -1.2392759e+002  4.6014743e+001
 -1.2392756e+002  4.6014685e+001
 -1.2392748e+002  4.6014561e+001
 -1.2392748e+002  4.6014560e+001
 -1.2392740e+002  4.6014436e+001
 -1.2392736e+002  4.6014363e+001
 -1.2392734e+002  4.6014312e+001
 -1.2392728e+002  4.6014188e+001
 -1.2392725e+002  4.6014152e+001
 -1.2392716e+002  4.6014064e+001
 -1.2392714e+002  4.6014042e+001
 -1.2392705e+002  4.6013939e+001
 -1.2392703e+002  4.6013907e+001
 -1.2392696e+002  4.6013815e+001
 -1.2392692e+002  4.6013773e+001
 -1.2392686e+002  4.6013691e+001
 -1.2392681e+002  4.6013637e+001
 -1.2392676e+002  4.6013567e+001
 -1.2392670e+002  4.6013509e+001
 -1.2392660e+002  4.6013443e+001
 -1.2392659e+002  4.6013435e+001
 -1.2392647e+002  4.6013370e+001
 -1.2392640e+002  4.6013318e+001
 -1.2392636e+002  4.6013302e+001
 -1.2392625e+002  4.6013267e+001
 -1.2392615e+002  4.6013194e+001
 -1.2392614e+002  4.6013187e+001
 -1.2392603e+002  4.6013181e+001
 -1.2392592e+002  4.6013193e+001
 -1.2392581e+002  4.6013177e+001
 -1.2392571e+002  4.6013070e+001
 -1.2392570e+002  4.6013057e+001
 -1.2392558e+002  4.6012963e+001
 -1.2392547e+002  4.6012971e+001
 -1.2392536e+002  4.6013026e+001
 -1.2392531e+002  4.6013070e+001
 -1.2392527e+002  4.6013194e+001
 -1.2392525e+002  4.6013309e+001
 -1.2392525e+002  4.6013318e+001
 -1.2392523e+002  4.6013443e+001
 -1.2392520e+002  4.6013567e+001
 -1.2392515e+002  4.6013691e+001
 -1.2392514e+002  4.6013736e+001
 -1.2392512e+002  4.6013815e+001
 -1.2392510e+002  4.6013939e+001
 -1.2392510e+002  4.6014064e+001
 -1.2392509e+002  4.6014188e+001
 -1.2392508e+002  4.6014312e+001
 -1.2392505e+002  4.6014436e+001
 -1.2392503e+002  4.6014501e+001
 -1.2392501e+002  4.6014560e+001
 -1.2392497e+002  4.6014685e+001
 -1.2392496e+002  4.6014809e+001
 -1.2392494e+002  4.6014933e+001
 -1.2392494e+002  4.6015057e+001
 -1.2392494e+002  4.6015181e+001
 -1.2392493e+002  4.6015306e+001
 -1.2392492e+002  4.6015430e+001
 -1.2392492e+002  4.6015470e+001
 -1.2392491e+002  4.6015554e+001
 -1.2392489e+002  4.6015678e+001
 -1.2392484e+002  4.6015802e+001
 -1.2392481e+002  4.6015842e+001
 -1.2392472e+002  4.6015927e+001
 -1.2392470e+002  4.6015947e+001
 -1.2392463e+002  4.6016051e+001
 -1.2392458e+002  4.6016163e+001
 -1.2392458e+002  4.6016175e+001
 -1.2392447e+002  4.6016294e+001
 -1.2392447e+002  4.6016299e+001
 -1.2392436e+002  4.6016396e+001
 -1.2392434e+002  4.6016424e+001
 -1.2392425e+002  4.6016510e+001
 -1.2392419e+002  4.6016548e+001
 -1.2392414e+002  4.6016576e+001
 -1.2392403e+002  4.6016642e+001
 -1.2392397e+002  4.6016672e+001
 -1.2392392e+002  4.6016722e+001
 -1.2392381e+002  4.6016795e+001
 -1.2392380e+002  4.6016796e+001
 -1.2392369e+002  4.6016838e+001
 -1.2392358e+002  4.6016863e+001
 -1.2392351e+002  4.6016920e+001
 -1.2392347e+002  4.6016985e+001
 -1.2392341e+002  4.6017045e+001
 -1.2392336e+002  4.6017075e+001
 -1.2392325e+002  4.6017106e+001
 -1.2392314e+002  4.6017118e+001
 -1.2392303e+002  4.6017129e+001
 -1.2392296e+002  4.6017169e+001
 -1.2392292e+002  4.6017233e+001
 -1.2392286e+002  4.6017293e+001
 -1.2392280e+002  4.6017354e+001
 -1.2392269e+002  4.6017407e+001
 -1.2392266e+002  4.6017417e+001
 -1.2392258e+002  4.6017441e+001
 -1.2392247e+002  4.6017474e+001
 -1.2392239e+002  4.6017541e+001
 -1.2392236e+002  4.6017590e+001
 -1.2392228e+002  4.6017666e+001
 -1.2392225e+002  4.6017684e+001
 -1.2392214e+002  4.6017743e+001
 -1.2392203e+002  4.6017788e+001
 -1.2392202e+002  4.6017790e+001
 -1.2392191e+002  4.6017862e+001
 -1.2392187e+002  4.6017914e+001
 -1.2392180e+002  4.6017992e+001
 -1.2392175e+002  4.6018038e+001
 -1.2392169e+002  4.6018099e+001
 -1.2392162e+002  4.6018162e+001
 -1.2392158e+002  4.6018197e+001
 -1.2392147e+002  4.6018287e+001
 -1.2392147e+002  4.6018292e+001
 -1.2392137e+002  4.6018411e+001
 -1.2392136e+002  4.6018423e+001
 -1.2392130e+002  4.6018535e+001
 -1.2392125e+002  4.6018649e+001
 -1.2392124e+002  4.6018659e+001
 -1.2392120e+002  4.6018783e+001
 -1.2392114e+002  4.6018894e+001
 -1.2392112e+002  4.6018908e+001
 -1.2392102e+002  4.6019021e+001
 -1.2392101e+002  4.6019032e+001
 -1.2392091e+002  4.6019147e+001
 -1.2392090e+002  4.6019156e+001
 -1.2392080e+002  4.6019233e+001
 -1.2392069e+002  4.6019234e+001
 -1.2392058e+002  4.6019210e+001
 -1.2392047e+002  4.6019187e+001
 -1.2392036e+002  4.6019163e+001
 -1.2392033e+002  4.6019156e+001
 -1.2392025e+002  4.6019136e+001
 -1.2392013e+002  4.6019094e+001
 -1.2392002e+002  4.6019061e+001
 -1.2391991e+002  4.6019045e+001
 -1.2391981e+002  4.6019032e+001
 -1.2391980e+002  4.6019031e+001
 -1.2391969e+002  4.6019022e+001
 -1.2391958e+002  4.6019020e+001
 -1.2391947e+002  4.6019020e+001
 -1.2391936e+002  4.6019022e+001
 -1.2391925e+002  4.6019023e+001
 -1.2391913e+002  4.6019026e+001
 -1.2391909e+002  4.6019032e+001
 -1.2391902e+002  4.6019043e+001
 -1.2391891e+002  4.6019065e+001
 -1.2391880e+002  4.6019093e+001
 -1.2391869e+002  4.6019122e+001
 -1.2391858e+002  4.6019156e+001
 -1.2391858e+002  4.6019159e+001
 -1.2391847e+002  4.6019266e+001
 -1.2391845e+002  4.6019280e+001
 -1.2391837e+002  4.6019405e+001
 -1.2391836e+002  4.6019431e+001
 -1.2391829e+002  4.6019529e+001
 -1.2391824e+002  4.6019616e+001
 -1.2391823e+002  4.6019653e+001
 -1.2391818e+002  4.6019777e+001
 -1.2391816e+002  4.6019901e+001
 -1.2391813e+002  4.6019951e+001
 -1.2391812e+002  4.6019991e+001
 -1.2391235e+002  4.6019991e+001
 -1.2391230e+002  4.6019901e+001
 -1.2391229e+002  4.6019777e+001
 -1.2391226e+002  4.6019653e+001
 -1.2391224e+002  4.6019531e+001
 -1.2391224e+002  4.6019529e+001
 -1.2391221e+002  4.6019405e+001
 -1.2391216e+002  4.6019280e+001
 -1.2391213e+002  4.6019176e+001
 -1.2391212e+002  4.6019156e+001
 -1.2391209e+002  4.6019032e+001
 -1.2391207e+002  4.6018908e+001
 -1.2391205e+002  4.6018783e+001
 -1.2391204e+002  4.6018659e+001
 -1.2391203e+002  4.6018535e+001
 -1.2391203e+002  4.6018411e+001
 -1.2391204e+002  4.6018287e+001
 -1.2391205e+002  4.6018162e+001
 -1.2391207e+002  4.6018038e+001
 -1.2391208e+002  4.6017914e+001
 -1.2391210e+002  4.6017790e+001
 -1.2391212e+002  4.6017666e+001
 -1.2391213e+002  4.6017592e+001
 -1.2391213e+002  4.6017541e+001
 -1.2391213e+002  4.6017417e+001
 -1.2391214e+002  4.6017293e+001
 -1.2391215e+002  4.6017169e+001
 -1.2391216e+002  4.6017045e+001
 -1.2391216e+002  4.6016920e+001
 -1.2391217e+002  4.6016796e+001
 -1.2391217e+002  4.6016672e+001
 -1.2391218e+002  4.6016548e+001
 -1.2391218e+002  4.6016424e+001
 -1.2391218e+002  4.6016299e+001
 -1.2391218e+002  4.6016175e+001
 -1.2391219e+002  4.6016051e+001
 -1.2391217e+002  4.6015927e+001
 -1.2391215e+002  4.6015802e+001
 -1.2391214e+002  4.6015678e+001
 -1.2391213e+002  4.6015562e+001
 -1.2391213e+002  4.6015554e+001
 -1.2391212e+002  4.6015430e+001
 -1.2391213e+002  4.6015377e+001
 -1.2391214e+002  4.6015306e+001
 -1.2391215e+002  4.6015181e+001
 -1.2391217e+002  4.6015057e+001
 -1.2391220e+002  4.6014933e+001
 -1.2391223e+002  4.6014809e+001
 -1.2391224e+002  4.6014752e+001
 -1.2391225e+002  4.6014685e+001
 -1.2391225e+002  4.6014560e+001
 -1.2391224e+002  4.6014441e+001
 -1.2391224e+002  4.6014436e+001
 -1.2391213e+002  4.6014349e+001
 -1.2391206e+002  4.6014312e+001
 -1.2391202e+002  4.6014294e+001
 -1.2391190e+002  4.6014263e+001
 -1.2391179e+002  4.6014223e+001
 -1.2391172e+002  4.6014188e+001
 -1.2391168e+002  4.6014175e+001
 -1.2391157e+002  4.6014158e+001
 -1.2391146e+002  4.6014137e+001
 -1.2391135e+002  4.6014113e+001
 -1.2391124e+002  4.6014093e+001
 -1.2391113e+002  4.6014068e+001
 -1.2391110e+002  4.6014064e+001
 -1.2391101e+002  4.6014043e+001
 -1.2391090e+002  4.6014020e+001
 -1.2391079e+002  4.6014003e+001
 -1.2391068e+002  4.6013988e+001
 -1.2391057e+002  4.6013961e+001
 -1.2391054e+002  4.6013939e+001
 -1.2391047e+002  4.6013815e+001
 -1.2391046e+002  4.6013770e+001
 -1.2391043e+002  4.6013691e+001
 -1.2391038e+002  4.6013567e+001
 -1.2391035e+002  4.6013522e+001
 -1.2391026e+002  4.6013443e+001
 -1.2391024e+002  4.6013428e+001
 -1.2391012e+002  4.6013372e+001
 -1.2391001e+002  4.6013321e+001
 -1.2391001e+002  4.6013318e+001
 -1.2390990e+002  4.6013242e+001
 -1.2390985e+002  4.6013194e+001
 -1.2390979e+002  4.6013133e+001
 -1.2390975e+002  4.6013070e+001
 -1.2390968e+002  4.6012956e+001
 -1.2390968e+002  4.6012946e+001
 -1.2390963e+002  4.6012821e+001
 -1.2390962e+002  4.6012697e+001
 -1.2390961e+002  4.6012573e+001
 -1.2390961e+002  4.6012449e+001
 -1.2390960e+002  4.6012325e+001
 -1.2390960e+002  4.6012200e+001
 -1.2390961e+002  4.6012076e+001
 -1.2390963e+002  4.6011952e+001
 -1.2390965e+002  4.6011828e+001
 -1.2390967e+002  4.6011704e+001
 -1.2390968e+002  4.6011638e+001
 -1.2390969e+002  4.6011579e+001
 -1.2390971e+002  4.6011455e+001
 -1.2390972e+002  4.6011331e+001
 -1.2390976e+002  4.6011207e+001
 -1.2390979e+002  4.6011140e+001
 -1.2390985e+002  4.6011083e+001
 -1.2390990e+002  4.6011040e+001
 -1.2390999e+002  4.6010958e+001
 -1.2391001e+002  4.6010945e+001
 -1.2391009e+002  4.6010834e+001
 -1.2391012e+002  4.6010775e+001
 -1.2391018e+002  4.6010710e+001
 -1.2391024e+002  4.6010643e+001
 -1.2391032e+002  4.6010586e+001
 -1.2391035e+002  4.6010559e+001
 -1.2391044e+002  4.6010461e+001
 -1.2391046e+002  4.6010442e+001
 -1.2391051e+002  4.6010337e+001
 -1.2391057e+002  4.6010249e+001
 -1.2391058e+002  4.6010213e+001
 -1.2391063e+002  4.6010089e+001
 -1.2391068e+002  4.6009967e+001
 -1.2391068e+002  4.6009965e+001
 -1.2391072e+002  4.6009840e+001
 -1.2391075e+002  4.6009716e+001
 -1.2391078e+002  4.6009592e+001
 -1.2391079e+002  4.6009560e+001
 -1.2391083e+002  4.6009468e+001
 -1.2391088e+002  4.6009344e+001
 -1.2391090e+002  4.6009296e+001
 -1.2391097e+002  4.6009219e+001
 -1.2391101e+002  4.6009183e+001
 -1.2391113e+002  4.6009095e+001
 -1.2391113e+002  4.6009095e+001
 -1.2391124e+002  4.6008997e+001
 -1.2391127e+002  4.6008971e+001
 -1.2391135e+002  4.6008910e+001
 -1.2391146e+002  4.6008861e+001
 -1.2391157e+002  4.6008848e+001
 -1.2391168e+002  4.6008884e+001
 -1.2391179e+002  4.6008971e+001
 -1.2391179e+002  4.6008974e+001
 -1.2391190e+002  4.6009045e+001
 -1.2391201e+002  4.6009095e+001
 -1.2391202e+002  4.6009096e+001
 -1.2391213e+002  4.6009188e+001
 -1.2391215e+002  4.6009219e+001
 -1.2391222e+002  4.6009344e+001
 -1.2391224e+002  4.6009356e+001
 -1.2391230e+002  4.6009468e+001
 -1.2391235e+002  4.6009523e+001
 -1.2391245e+002  4.6009592e+001
 -1.2391246e+002  4.6009601e+001
 -1.2391250e+002  4.6009592e+001
 -1.2391257e+002  4.6009575e+001
 -1.2391266e+002  4.6009468e+001
 -1.2391268e+002  4.6009407e+001
 -1.2391271e+002  4.6009344e+001
 -1.2391275e+002  4.6009219e+001
 -1.2391279e+002  4.6009122e+001
 -1.2391280e+002  4.6009095e+001
 -1.2391286e+002  4.6008971e+001
 -1.2391291e+002  4.6008880e+001
 -1.2391292e+002  4.6008847e+001
 -1.2391302e+002  4.6008755e+001
 -1.2391307e+002  4.6008723e+001
 -1.2391313e+002  4.6008692e+001
 -1.2391324e+002  4.6008617e+001
 -1.2391326e+002  4.6008598e+001
 -1.2391335e+002  4.6008554e+001
 -1.2391346e+002  4.6008509e+001
 -1.2391351e+002  4.6008474e+001
 -1.2391357e+002  4.6008415e+001
 -1.2391368e+002  4.6008374e+001
 -1.2391375e+002  4.6008350e+001
 -1.2391380e+002  4.6008342e+001
 -1.2391391e+002  4.6008303e+001
 -1.2391402e+002  4.6008239e+001
 -1.2391403e+002  4.6008226e+001
 -1.2391413e+002  4.6008108e+001
 -1.2391414e+002  4.6008102e+001
 -1.2391424e+002  4.6008044e+001
 -1.2391435e+002  4.6007977e+001
 -1.2391435e+002  4.6007973e+001
 -1.2391446e+002  4.6007853e+001
 -1.2391446e+002  4.6007849e+001
 -1.2391454e+002  4.6007729e+001
 -1.2391457e+002  4.6007670e+001
 -1.2391461e+002  4.6007605e+001
 -1.2391465e+002  4.6007480e+001
 -1.2391468e+002  4.6007407e+001
 -1.2391472e+002  4.6007356e+001
 -1.2391477e+002  4.6007232e+001
 -1.2391480e+002  4.6007152e+001
 -1.2391482e+002  4.6007108e+001
 -1.2391484e+002  4.6006984e+001
 -1.2391488e+002  4.6006859e+001
 -1.2391491e+002  4.6006782e+001
 -1.2391493e+002  4.6006735e+001
 -1.2391502e+002  4.6006625e+001
 -1.2391503e+002  4.6006611e+001
 -1.2391513e+002  4.6006487e+001
 -1.2391513e+002  4.6006484e+001
 -1.2391524e+002  4.6006419e+001
 -1.2391535e+002  4.6006390e+001
 -1.2391546e+002  4.6006388e+001
 -1.2391557e+002  4.6006402e+001
 -1.2391569e+002  4.6006421e+001
 -1.2391580e+002  4.6006436e+001
 -1.2391591e+002  4.6006449e+001
 -1.2391602e+002  4.6006460e+001
 -1.2391613e+002  4.6006469e+001
 -1.2391624e+002  4.6006474e+001
 -1.2391635e+002  4.6006478e+001
 -1.2391646e+002  4.6006483e+001
 -1.2391652e+002  4.6006487e+001
 -1.2391658e+002  4.6006490e+001
 -1.2391669e+002  4.6006500e+001
 -1.2391680e+002  4.6006514e+001
 -1.2391691e+002  4.6006529e+001
 -1.2391702e+002  4.6006527e+001
 -1.2391713e+002  4.6006509e+001
 -1.2391721e+002  4.6006487e+001
 -1.2391724e+002  4.6006473e+001
 -1.2391735e+002  4.6006448e+001
 -1.2391747e+002  4.6006427e+001
 -1.2391758e+002  4.6006421e+001
 -1.2391769e+002  4.6006400e+001
 -1.2391776e+002  4.6006363e+001
 -1.2391780e+002  4.6006335e+001
 -1.2391787e+002  4.6006238e+001
 -1.2391791e+002  4.6006163e+001
 -1.2391793e+002  4.6006114e+001
 -1.2391796e+002  4.6005990e+001
 -1.2391796e+002  4.6005866e+001
 -1.2391799e+002  4.6005742e+001
 -1.2391801e+002  4.6005617e+001
 -1.2391799e+002  4.6005493e+001
 -1.2391799e+002  4.6005369e+001
 -1.2391797e+002  4.6005245e+001
 -1.2391799e+002  4.6005121e+001
 -1.2391799e+002  4.6004996e+001
 -1.2391802e+002  4.6004872e+001
 -1.2391802e+002  4.6004774e+001
 -1.2391803e+002  4.6004748e+001
 -1.2391813e+002  4.6004632e+001
 -1.2391814e+002  4.6004624e+001
 -1.2391819e+002  4.6004499e+001
 -1.2391824e+002  4.6004375e+001
 -1.2391824e+002  4.6004354e+001
 -1.2391827e+002  4.6004251e+001
 -1.2391832e+002  4.6004127e+001
 -1.2391836e+002  4.6004048e+001
 -1.2391837e+002  4.6004003e+001
 -1.2391843e+002  4.6003878e+001
 -1.2391847e+002  4.6003800e+001
 -1.2391849e+002  4.6003754e+001
 -1.2391856e+002  4.6003630e+001
 -1.2391858e+002  4.6003600e+001
 -1.2391867e+002  4.6003506e+001
 -1.2391869e+002  4.6003487e+001
 -1.2391877e+002  4.6003382e+001
 -1.2391880e+002  4.6003327e+001
 -1.2391884e+002  4.6003257e+001
 -1.2391890e+002  4.6003133e+001
 -1.2391891e+002  4.6003122e+001
 -1.2391896e+002  4.6003009e+001
 -1.2391902e+002  4.6002885e+001
 -1.2391902e+002  4.6002879e+001
 -1.2391908e+002  4.6002761e+001
 -1.2391913e+002  4.6002642e+001
 -1.2391914e+002  4.6002636e+001
 -1.2391919e+002  4.6002512e+001
 -1.2391925e+002  4.6002418e+001
 -1.2391926e+002  4.6002388e+001
 -1.2391932e+002  4.6002264e+001
 -1.2391936e+002  4.6002139e+001
 -1.2391936e+002  4.6002135e+001
 -1.2391939e+002  4.6002015e+001
 -1.2391943e+002  4.6001891e+001
 -1.2391947e+002  4.6001799e+001
 -1.2391948e+002  4.6001767e+001
 -1.2391951e+002  4.6001643e+001
 -1.2391953e+002  4.6001518e+001
 -1.2391955e+002  4.6001394e+001
 -1.2391958e+002  4.6001328e+001
 -1.2391960e+002  4.6001270e+001
 -1.2391965e+002  4.6001146e+001
 -1.2391967e+002  4.6001022e+001
 -1.2391969e+002  4.6000937e+001
 -1.2391970e+002  4.6000897e+001
 -1.2391973e+002  4.6000773e+001
 -1.2391980e+002  4.6000658e+001
 -1.2391981e+002  4.6000649e+001
 -1.2391989e+002  4.6000525e+001
 -1.2391991e+002  4.6000483e+001
 -1.2391996e+002  4.6000401e+001
 -1.2392002e+002  4.6000295e+001
 -1.2392003e+002  4.6000276e+001
 -1.2392006e+002  4.6000152e+001
 -1.2392009e+002  4.6000028e+001
 -1.2392011e+002  4.5999904e+001
 -1.2392012e+002  4.5999780e+001
 -1.2392012e+002  4.5999655e+001
 -1.2392012e+002  4.5999531e+001
 -1.2392013e+002  4.5999407e+001
 -1.2392013e+002  4.5999283e+001
 -1.2392013e+002  4.5999196e+001
 -1.2392014e+002  4.5999158e+001
 -1.2392015e+002  4.5999034e+001
 -1.2392017e+002  4.5998910e+001
 -1.2392019e+002  4.5998786e+001
 -1.2392022e+002  4.5998662e+001
 -1.2392024e+002  4.5998537e+001
 -1.2392025e+002  4.5998522e+001
 -1.2392027e+002  4.5998413e+001
 -1.2392031e+002  4.5998289e+001
 -1.2392035e+002  4.5998165e+001
 -1.2392036e+002  4.5998153e+001
 -1.2392040e+002  4.5998041e+001
 -1.2392045e+002  4.5997916e+001
 -1.2392047e+002  4.5997882e+001
 -1.2392050e+002  4.5997792e+001
 -1.2392054e+002  4.5997668e+001
 -1.2392058e+002  4.5997581e+001
 -1.2392059e+002  4.5997544e+001
 -1.2392060e+002  4.5997420e+001
 -1.2392062e+002  4.5997295e+001
 -1.2392065e+002  4.5997171e+001
 -1.2392069e+002  4.5997047e+001
 -1.2392069e+002  4.5997038e+001
 -1.2392075e+002  4.5996923e+001
 -1.2392080e+002  4.5996835e+001
 -1.2392083e+002  4.5996799e+001
 -1.2392091e+002  4.5996676e+001
 -1.2392091e+002  4.5996674e+001
 -1.2392102e+002  4.5996550e+001
 -1.2392102e+002  4.5996547e+001
 -1.2392113e+002  4.5996426e+001
 -1.2392114e+002  4.5996415e+001
 -1.2392116e+002  4.5996302e+001
 -1.2392119e+002  4.5996177e+001
 -1.2392121e+002  4.5996053e+001
 -1.2392123e+002  4.5995929e+001
 -1.2392125e+002  4.5995805e+001
 -1.2392125e+002  4.5995800e+001
 -1.2392126e+002  4.5995681e+001
 -1.2392128e+002  4.5995556e+001
 -1.2392129e+002  4.5995432e+001
 -1.2392130e+002  4.5995308e+001
 -1.2392133e+002  4.5995184e+001
 -1.2392136e+002  4.5995060e+001
 -1.2392136e+002  4.5995056e+001
 -1.2392138e+002  4.5994935e+001
 -1.2392140e+002  4.5994811e+001
 -1.2392144e+002  4.5994687e+001
 -1.2392147e+002  4.5994603e+001
 -1.2392148e+002  4.5994563e+001
 -1.2392154e+002  4.5994439e+001
 -1.2392158e+002  4.5994358e+001
 -1.2392160e+002  4.5994314e+001
 -1.2392167e+002  4.5994190e+001
 -1.2392169e+002  4.5994131e+001
 -1.2392171e+002  4.5994066e+001
 -1.2392175e+002  4.5993942e+001
 -1.2392178e+002  4.5993817e+001
 -1.2392180e+002  4.5993714e+001
 -1.2392181e+002  4.5993693e+001
 -1.2392184e+002  4.5993569e+001
 -1.2392189e+002  4.5993445e+001
 -1.2392191e+002  4.5993396e+001
 -1.2392196e+002  4.5993321e+001
 -1.2392202e+002  4.5993196e+001
 -1.2392203e+002  4.5993179e+001
 -1.2392209e+002  4.5993072e+001
 -1.2392214e+002  4.5993007e+001
 -1.2392218e+002  4.5992948e+001
 -1.2392225e+002  4.5992879e+001
 -1.2392228e+002  4.5992824e+001
 -1.2392231e+002  4.5992700e+001
 -1.2392235e+002  4.5992575e+001
 -1.2392236e+002  4.5992557e+001
 -1.2392240e+002  4.5992451e+001
 -1.2392247e+002  4.5992355e+001
 -1.2392250e+002  4.5992327e+001
 -1.2392258e+002  4.5992236e+001
 -1.2392261e+002  4.5992203e+001
 -1.2392269e+002  4.5992098e+001
 -1.2392271e+002  4.5992079e+001
 -1.2392280e+002  4.5991975e+001
 -1.2392282e+002  4.5991954e+001
 -1.2392289e+002  4.5991830e+001
 -1.2392292e+002  4.5991767e+001
 -1.2392294e+002  4.5991706e+001
 -1.2392298e+002  4.5991582e+001
 -1.2392299e+002  4.5991458e+001
 -1.2392297e+002  4.5991333e+001
 -1.2392293e+002  4.5991209e+001
 -1.2392292e+002  4.5991113e+001
 -1.2392291e+002  4.5991085e+001
 -1.2392292e+002  4.5991071e+001
 -1.2392296e+002  4.5990961e+001
 -1.2392303e+002  4.5990862e+001
 -1.2392305e+002  4.5990836e+001
 -1.2392305e+002  4.5990712e+001
 -1.2392304e+002  4.5990588e+001
 -1.2392311e+002  4.5990464e+001
 -1.2392314e+002  4.5990433e+001
 -1.2392322e+002  4.5990340e+001
 -1.2392325e+002  4.5990307e+001
 -1.2392332e+002  4.5990215e+001
 -1.2392336e+002  4.5990172e+001
 -1.2392341e+002  4.5990091e+001
 -1.2392347e+002  4.5989967e+001
 -1.2392347e+002  4.5989951e+001
 -1.2392351e+002  4.5989843e+001
 -1.2392356e+002  4.5989719e+001
 -1.2392358e+002  4.5989683e+001
 -1.2392369e+002  4.5989604e+001
 -1.2392371e+002  4.5989594e+001
 -1.2392375e+002  4.5989470e+001
 -1.2392373e+002  4.5989346e+001
 -1.2392372e+002  4.5989222e+001
 -1.2392381e+002  4.5989100e+001
 -1.2392381e+002  4.5989098e+001
 -1.2392387e+002  4.5988973e+001
 -1.2392392e+002  4.5988887e+001
 -1.2392393e+002  4.5988849e+001
 -1.2392392e+002  4.5988725e+001
 -1.2392394e+002  4.5988601e+001
 -1.2392396e+002  4.5988477e+001
 -1.2392400e+002  4.5988352e+001
 -1.2392403e+002  4.5988242e+001
 -1.2392403e+002  4.5988228e+001
 -1.2392406e+002  4.5988104e+001
 -1.2392407e+002  4.5987980e+001
 -1.2392406e+002  4.5987855e+001
 -1.2392404e+002  4.5987731e+001
 -1.2392403e+002  4.5987698e+001
 -1.2392399e+002  4.5987607e+001
 -1.2392392e+002  4.5987483e+001
 -1.2392392e+002  4.5987476e+001
 -1.2392381e+002  4.5987359e+001
 -1.2392381e+002  4.5987358e+001
 -1.2392371e+002  4.5987234e+001
 -1.2392369e+002  4.5987211e+001
 -1.2392363e+002  4.5987110e+001
 -1.2392358e+002  4.5987017e+001
 -1.2392357e+002  4.5986986e+001
 -1.2392356e+002  4.5986862e+001
 -1.2392356e+002  4.5986738e+001
 -1.2392355e+002  4.5986613e+001
 -1.2392353e+002  4.5986489e+001
 -1.2392350e+002  4.5986365e+001
 -1.2392348e+002  4.5986241e+001
 -1.2392347e+002  4.5986167e+001
 -1.2392347e+002  4.5986117e+001
 -1.2392346e+002  4.5985992e+001
 -1.2392347e+002  4.5985868e+001
 -1.2392347e+002  4.5985785e+001
 -1.2392347e+002  4.5985744e+001
 -1.2392349e+002  4.5985620e+001
 -1.2392350e+002  4.5985495e+001
 -1.2392351e+002  4.5985371e+001
 -1.2392352e+002  4.5985247e+001
 -1.2392353e+002  4.5985123e+001
 -1.2392354e+002  4.5984999e+001
 -1.2392352e+002  4.5984874e+001
 -1.2392349e+002  4.5984750e+001
 -1.2392347e+002  4.5984664e+001
 -1.2392346e+002  4.5984626e+001
 -1.2392346e+002  4.5984502e+001
 -1.2392347e+002  4.5984418e+001
 -1.2392348e+002  4.5984378e+001
 -1.2392351e+002  4.5984253e+001
 -1.2392357e+002  4.5984129e+001
 -1.2392358e+002  4.5984099e+001
 -1.2392364e+002  4.5984005e+001
 -1.2392369e+002  4.5983937e+001
 -1.2392374e+002  4.5983881e+001
 -1.2392381e+002  4.5983814e+001
 -1.2392387e+002  4.5983757e+001
 -1.2392392e+002  4.5983721e+001
 -1.2392399e+002  4.5983632e+001
 -1.2392403e+002  4.5983580e+001
 -1.2392410e+002  4.5983508e+001
 -1.2392414e+002  4.5983473e+001
 -1.2392425e+002  4.5983384e+001
 -1.2392425e+002  4.5983378e+001
 -1.2392435e+002  4.5983260e+001
 -1.2392436e+002  4.5983241e+001
 -1.2392445e+002  4.5983136e+001
 -1.2392447e+002  4.5983109e+001
 -1.2392453e+002  4.5983011e+001
 -1.2392458e+002  4.5982897e+001
 -1.2392459e+002  4.5982887e+001
 -1.2392465e+002  4.5982763e+001
 -1.2392470e+002  4.5982686e+001
 -1.2392473e+002  4.5982639e+001
 -1.2392481e+002  4.5982520e+001
 -1.2392481e+002  4.5982514e+001
 -1.2392492e+002  4.5982395e+001
 -1.2392492e+002  4.5982390e+001
 -1.2392503e+002  4.5982301e+001
 -1.2392506e+002  4.5982266e+001
 -1.2392514e+002  4.5982144e+001
 -1.2392514e+002  4.5982142e+001
 -1.2392525e+002  4.5982018e+001
 -1.2392525e+002  4.5982013e+001
 -1.2392536e+002  4.5981916e+001
 -1.2392539e+002  4.5981893e+001
 -1.2392547e+002  4.5981829e+001
 -1.2392555e+002  4.5981769e+001
 -1.2392558e+002  4.5981734e+001
 -1.2392565e+002  4.5981645e+001
 -1.2392570e+002  4.5981563e+001
 -1.2392572e+002  4.5981521e+001
 -1.2392574e+002  4.5981397e+001
 -1.2392571e+002  4.5981272e+001
 -1.2392570e+002  4.5981237e+001
 -1.2392567e+002  4.5981148e+001
 -1.2392570e+002  4.5981038e+001
 -1.2392570e+002  4.5981024e+001
 -1.2392578e+002  4.5980900e+001
 -1.2392581e+002  4.5980852e+001
 -1.2392585e+002  4.5980776e+001
 -1.2392586e+002  4.5980651e+001
 -1.2392585e+002  4.5980527e+001
 -1.2392586e+002  4.5980403e+001
 -1.2392588e+002  4.5980279e+001
 -1.2392592e+002  4.5980163e+001
 -1.2392592e+002  4.5980155e+001
 -1.2392596e+002  4.5980030e+001
 -1.2392601e+002  4.5979906e+001
 -1.2392603e+002  4.5979842e+001
 -1.2392604e+002  4.5979782e+001
 -1.2392606e+002  4.5979658e+001
 -1.2392608e+002  4.5979533e+001
 -1.2392609e+002  4.5979409e+001
 -1.2392609e+002  4.5979285e+001
 -1.2392607e+002  4.5979161e+001
 -1.2392605e+002  4.5979037e+001
 -1.2392603e+002  4.5978957e+001
 -1.2392602e+002  4.5978912e+001
 -1.2392597e+002  4.5978788e+001
 -1.2392592e+002  4.5978708e+001
 -1.2392588e+002  4.5978664e+001
 -1.2392589e+002  4.5978540e+001
 -1.2392592e+002  4.5978426e+001
 -1.2392592e+002  4.5978416e+001
 -1.2392596e+002  4.5978291e+001
 -1.2392598e+002  4.5978167e+001
 -1.2392598e+002  4.5978043e+001
 -1.2392592e+002  4.5977975e+001
 -1.2392583e+002  4.5977919e+001
 -1.2392581e+002  4.5977912e+001
 -1.2392570e+002  4.5977812e+001
 -1.2392569e+002  4.5977795e+001
 -1.2392570e+002  4.5977726e+001
 -1.2392570e+002  4.5977670e+001
 -1.2392570e+002  4.5977546e+001
 -1.2392570e+002  4.5977422e+001
 -1.2392570e+002  4.5977298e+001
 -1.2392571e+002  4.5977173e+001
 -1.2392571e+002  4.5977049e+001
 -1.2392571e+002  4.5976925e+001
 -1.2392570e+002  4.5976801e+001
 -1.2392570e+002  4.5976786e+001
 -1.2392569e+002  4.5976677e+001
 -1.2392570e+002  4.5976663e+001
 -1.2392572e+002  4.5976552e+001
 -1.2392576e+002  4.5976428e+001
 -1.2392577e+002  4.5976304e+001
 -1.2392578e+002  4.5976180e+001
 -1.2392578e+002  4.5976056e+001
 -1.2392581e+002  4.5975972e+001
 -1.2392582e+002  4.5975931e+001
 -1.2392589e+002  4.5975807e+001
 -1.2392592e+002  4.5975755e+001
 -1.2392596e+002  4.5975683e+001
 -1.2392603e+002  4.5975567e+001
 -1.2392603e+002  4.5975559e+001
 -1.2392612e+002  4.5975435e+001
 -1.2392614e+002  4.5975398e+001
 -1.2392618e+002  4.5975310e+001
 -1.2392621e+002  4.5975186e+001
 -1.2392624e+002  4.5975062e+001
 -1.2392625e+002  4.5975013e+001
 -1.2392627e+002  4.5974938e+001
 -1.2392631e+002  4.5974814e+001
 -1.2392633e+002  4.5974689e+001
 -1.2392633e+002  4.5974565e+001
 -1.2392629e+002  4.5974441e+001
 -1.2392625e+002  4.5974380e+001
 -1.2392621e+002  4.5974317e+001
 -1.2392614e+002  4.5974220e+001
 -1.2392612e+002  4.5974192e+001
 -1.2392603e+002  4.5974096e+001
 -1.2392600e+002  4.5974068e+001
 -1.2392592e+002  4.5973948e+001
 -1.2392592e+002  4.5973944e+001
 -1.2392586e+002  4.5973820e+001
 -1.2392582e+002  4.5973696e+001
 -1.2392581e+002  4.5973660e+001
 -1.2392578e+002  4.5973571e+001
 -1.2392577e+002  4.5973447e+001
 -1.2392574e+002  4.5973323e+001
 -1.2392570e+002  4.5973218e+001
 -1.2392569e+002  4.5973199e+001
 -1.2392562e+002  4.5973075e+001
 -1.2392560e+002  4.5972950e+001
 -1.2392562e+002  4.5972826e+001
 -1.2392565e+002  4.5972702e+001
 -1.2392570e+002  4.5972599e+001
 -1.2392571e+002  4.5972578e+001
 -1.2392581e+002  4.5972466e+001
 -1.2392583e+002  4.5972454e+001
 -1.2392592e+002  4.5972407e+001
 -1.2392603e+002  4.5972370e+001
 -1.2392614e+002  4.5972340e+001
 -1.2392617e+002  4.5972329e+001
 -1.2392625e+002  4.5972292e+001
 -1.2392636e+002  4.5972205e+001
 -1.2392636e+002  4.5972191e+001
 -1.2392646e+002  4.5972081e+001
 -1.2392647e+002  4.5972053e+001
 -1.2392651e+002  4.5971998e+001
 -1.2393699e+002  4.5971998e+001
 -1.2393704e+002  4.5972030e+001
 -1.2393712e+002  4.5972081e+001
 -1.2393715e+002  4.5972097e+001
 -1.2393726e+002  4.5972159e+001
 -1.2393731e+002  4.5972205e+001
 -1.2393737e+002  4.5972325e+001
 -1.2393738e+002  4.5972329e+001
 -1.2393747e+002  4.5972454e+001
 -1.2393749e+002  4.5972487e+001
 -1.2393756e+002  4.5972578e+001
 -1.2393760e+002  4.5972618e+001
 -1.2393770e+002  4.5972702e+001
 -1.2393771e+002  4.5972708e+001
 -1.2393782e+002  4.5972769e+001
 -1.2393790e+002  4.5972826e+001
 -1.2393793e+002  4.5972842e+001
 -1.2393804e+002  4.5972890e+001
 -1.2393815e+002  4.5972913e+001
 -1.2393826e+002  4.5972943e+001
 -1.2393828e+002  4.5972950e+001
 -1.2393838e+002  4.5972982e+001
 -1.2393848e+002  4.5973075e+001
 -1.2393849e+002  4.5973080e+001
 -1.2393857e+002  4.5973199e+001
 -1.2393860e+002  4.5973269e+001
 -1.2393863e+002  4.5973323e+001
 -1.2393867e+002  4.5973447e+001
 -1.2393870e+002  4.5973571e+001
 -1.2393871e+002  4.5973645e+001
 -1.2393873e+002  4.5973696e+001
 -1.2393876e+002  4.5973820e+001
 -1.2393882e+002  4.5973937e+001
 -1.2393883e+002  4.5973944e+001
 -1.2393893e+002  4.5973973e+001
 -1.2393900e+002  4.5973944e+001
 -1.2393904e+002  4.5973918e+001
 -1.2393915e+002  4.5973841e+001
 -1.2393920e+002  4.5973820e+001
 -1.2393927e+002  4.5973774e+001
 -1.2393938e+002  4.5973701e+001
 -1.2393938e+002  4.5973696e+001
 -1.2393949e+002  4.5973609e+001
 -1.2393952e+002  4.5973571e+001
 -1.2393960e+002  4.5973517e+001
 -1.2393971e+002  4.5973472e+001
 -1.2393982e+002  4.5973453e+001
 -1.2393986e+002  4.5973447e+001
 -1.2393993e+002  4.5973435e+001
 -1.2394004e+002  4.5973414e+001
 -1.2394016e+002  4.5973383e+001
 -1.2394027e+002  4.5973352e+001
 -1.2394035e+002  4.5973323e+001
 -1.2394038e+002  4.5973309e+001
 -1.2394049e+002  4.5973263e+001
 -1.2394060e+002  4.5973228e+001
 -1.2394071e+002  4.5973199e+001
 -1.2394071e+002  4.5973198e+001
 -1.2394082e+002  4.5973176e+001
 -1.2394093e+002  4.5973163e+001
 -1.2394105e+002  4.5973158e+001
 -1.2394116e+002  4.5973154e+001
 -1.2394127e+002  4.5973136e+001
 -1.2394138e+002  4.5973125e+001
 -1.2394149e+002  4.5973112e+001
 -1.2394160e+002  4.5973113e+001
 -1.2394171e+002  4.5973124e+001
 -1.2394182e+002  4.5973123e+001
 -1.2394193e+002  4.5973127e+001
 -1.2394205e+002  4.5973120e+001
 -1.2394216e+002  4.5973121e+001
 -1.2394227e+002  4.5973129e+001
 -1.2394238e+002  4.5973125e+001
 -1.2394249e+002  4.5973123e+001
 -1.2394260e+002  4.5973106e+001
 -1.2394271e+002  4.5973095e+001
 -1.2394282e+002  4.5973096e+001
 -1.2394294e+002  4.5973086e+001
 -1.2394305e+002  4.5973084e+001
 -1.2394316e+002  4.5973088e+001
 -1.2394327e+002  4.5973112e+001
 -1.2394338e+002  4.5973163e+001
 -1.2394342e+002  4.5973199e+001
 -1.2394349e+002  4.5973279e+001
 -1.2394351e+002  4.5973323e+001
 -1.2394359e+002  4.5973447e+001
 -1.2394360e+002  4.5973470e+001
 -1.2394368e+002  4.5973571e+001
 -1.2394371e+002  4.5973650e+001
 -1.2394374e+002  4.5973696e+001
 -1.2394377e+002  4.5973820e+001
 -1.2394378e+002  4.5973944e+001
 -1.2394378e+002  4.5974068e+001
 -1.2394379e+002  4.5974192e+001
 -1.2394383e+002  4.5974237e+001
 -1.2394393e+002  4.5974317e+001
 -1.2394394e+002  4.5974320e+001
 -1.2394405e+002  4.5974343e+001
 -1.2394416e+002  4.5974360e+001
 -1.2394427e+002  4.5974375e+001
 -1.2394438e+002  4.5974400e+001
 -1.2394447e+002  4.5974441e+001
 -1.2394449e+002  4.5974446e+001
 -1.2394460e+002  4.5974473e+001
 -1.2394472e+002  4.5974507e+001
 -1.2394483e+002  4.5974519e+001
 -1.2394494e+002  4.5974532e+001
 -1.2394505e+002  4.5974561e+001
 -1.2394506e+002  4.5974565e+001
 -1.2394516e+002  4.5974598e+001
 -1.2394527e+002  4.5974674e+001
 -1.2394531e+002  4.5974689e+001
 -1.2394538e+002  4.5974700e+001
 -1.2394549e+002  4.5974719e+001
 -1.2394550e+002  4.5974720e+001
