 -1.2392896e+002  4.6019991e+001
 -1.2392895e+002  4.6019901e+001
 -1.2392896e+002  4.6019777e+001
 -1.2392894e+002  4.6019653e+001
 -1.2392894e+002  4.6019529e+001
 -1.2392894e+002  4.6019405e+001
 -1.2392893e+002  4.6019280e+001
 -1.2392892e+002  4.6019203e+001
 -1.2392891e+002  4.6019156e+001
 -1.2392888e+002  4.6019032e+001
 -1.2392887e+002  4.6018908e+001
 -1.2392884e+002  4.6018783e+001
 -1.2392882e+002  4.6018659e+001
 -1.2392881e+002  4.6018637e+001
 -1.2392878e+002  4.6018535e+001
 -1.2392876e+002  4.6018411e+001
 -1.2392876e+002  4.6018287e+001
 -1.2392875e+002  4.6018162e+001
 -1.2392874e+002  4.6018038e+001
 -1.2392873e+002  4.6017914e+001
 -1.2392872e+002  4.6017790e+001
 -1.2392872e+002  4.6017666e+001
 -1.2392871e+002  4.6017541e+001
 -1.2392870e+002  4.6017434e+001
 -1.2392870e+002  4.6017417e+001
 -1.2392868e+002  4.6017293e+001
 -1.2392868e+002  4.6017169e+001
 -1.2392865e+002  4.6017045e+001
 -1.2392861e+002  4.6016920e+001
 -1.2392859e+002  4.6016837e+001
 -1.2392857e+002  4.6016796e+001
 -1.2392853e+002  4.6016672e+001
 -1.2392852e+002  4.6016548e+001
 -1.2392851e+002  4.6016424e+001
 -1.2392850e+002  4.6016299e+001
 -1.2392848e+002  4.6016175e+001
 -1.2392848e+002  4.6016138e+001
 -1.2392847e+002  4.6016051e+001
 -1.2392844e+002  4.6015927e+001
 -1.2392842e+002  4.6015802e+001
 -1.2392838e+002  4.6015678e+001
 -1.2392837e+002  4.6015646e+001
 -1.2392832e+002  4.6015554e+001
 -1.2392828e+002  4.6015430e+001
 -1.2392826e+002  4.6015306e+001
 -1.2392825e+002  4.6015260e+001
 -1.2392824e+002  4.6015181e+001
 -1.2392822e+002  4.6015057e+001
 -1.2392820e+002  4.6014933e+001
 -1.2392815e+002  4.6014809e+001
 -1.2392814e+002  4.6014792e+001
 -1.2392807e+002  4.6014685e+001
 -1.2392803e+002  4.6014631e+001
 -1.2392799e+002  4.6014560e+001
 -1.2392795e+002  4.6014436e+001
 -1.2392792e+002  4.6014353e+001
 -1.2392791e+002  4.6014312e+001
 -1.2392786e+002  4.6014188e+001
 -1.2392781e+002  4.6014068e+001
 -1.2392781e+002  4.6014064e+001
 -1.2392774e+002  4.6013939e+001
 -1.2392770e+002  4.6013859e+001
 -1.2392767e+002  4.6013815e+001
 -1.2392759e+002  4.6013691e+001
 -1.2392759e+002  4.6013683e+001
 -1.2392748e+002  4.6013567e+001
 -1.2392748e+002  4.6013560e+001
 -1.2392737e+002  4.6013443e+001
 -1.2392736e+002  4.6013441e+001
 -1.2392728e+002  4.6013318e+001
 -1.2392725e+002  4.6013284e+001
 -1.2392714e+002  4.6013196e+001
 -1.2392714e+002  4.6013194e+001
 -1.2392703e+002  4.6013146e+001
 -1.2392692e+002  4.6013102e+001
 -1.2392688e+002  4.6013070e+001
 -1.2392681e+002  4.6013015e+001
 -1.2392670e+002  4.6012946e+001
 -1.2392670e+002  4.6012942e+001
 -1.2392659e+002  4.6012898e+001
 -1.2392647e+002  4.6012865e+001
 -1.2392636e+002  4.6012834e+001
 -1.2392634e+002  4.6012821e+001
 -1.2392625e+002  4.6012724e+001
 -1.2392622e+002  4.6012697e+001
 -1.2392614e+002  4.6012633e+001
 -1.2392603e+002  4.6012582e+001
 -1.2392598e+002  4.6012573e+001
 -1.2392592e+002  4.6012563e+001
 -1.2392581e+002  4.6012573e+001
 -1.2392581e+002  4.6012573e+001
 -1.2392570e+002  4.6012616e+001
 -1.2392558e+002  4.6012669e+001
 -1.2392555e+002  4.6012697e+001
 -1.2392547e+002  4.6012760e+001
 -1.2392542e+002  4.6012821e+001
 -1.2392536e+002  4.6012885e+001
 -1.2392529e+002  4.6012946e+001
 -1.2392525e+002  4.6012972e+001
 -1.2392515e+002  4.6013070e+001
 -1.2392514e+002  4.6013093e+001
 -1.2392506e+002  4.6013194e+001
 -1.2392503e+002  4.6013222e+001
 -1.2392492e+002  4.6013306e+001
 -1.2392490e+002  4.6013318e+001
 -1.2392481e+002  4.6013414e+001
 -1.2392478e+002  4.6013443e+001
 -1.2392472e+002  4.6013567e+001
 -1.2392472e+002  4.6013691e+001
 -1.2392473e+002  4.6013815e+001
 -1.2392476e+002  4.6013939e+001
 -1.2392481e+002  4.6014027e+001
 -1.2392482e+002  4.6014064e+001
 -1.2392487e+002  4.6014188e+001
 -1.2392489e+002  4.6014312e+001
 -1.2392490e+002  4.6014436e+001
 -1.2392490e+002  4.6014560e+001
 -1.2392490e+002  4.6014685e+001
 -1.2392490e+002  4.6014809e+001
 -1.2392490e+002  4.6014933e+001
 -1.2392490e+002  4.6015057e+001
 -1.2392489e+002  4.6015181e+001
 -1.2392488e+002  4.6015306e+001
 -1.2392487e+002  4.6015430e+001
 -1.2392485e+002  4.6015554e+001
 -1.2392481e+002  4.6015650e+001
 -1.2392479e+002  4.6015678e+001
 -1.2392470e+002  4.6015802e+001
 -1.2392470e+002  4.6015812e+001
 -1.2392465e+002  4.6015927e+001
 -1.2392459e+002  4.6016051e+001
 -1.2392458e+002  4.6016060e+001
 -1.2392452e+002  4.6016175e+001
 -1.2392447e+002  4.6016230e+001
 -1.2392438e+002  4.6016299e+001
 -1.2392436e+002  4.6016316e+001
 -1.2392425e+002  4.6016412e+001
 -1.2392424e+002  4.6016424e+001
 -1.2392414e+002  4.6016502e+001
 -1.2392406e+002  4.6016548e+001
 -1.2392403e+002  4.6016565e+001
 -1.2392392e+002  4.6016604e+001
 -1.2392382e+002  4.6016672e+001
 -1.2392381e+002  4.6016695e+001
 -1.2392369e+002  4.6016794e+001
 -1.2392369e+002  4.6016796e+001
 -1.2392358e+002  4.6016840e+001
 -1.2392347e+002  4.6016911e+001
 -1.2392346e+002  4.6016920e+001
 -1.2392336e+002  4.6017015e+001
 -1.2392328e+002  4.6017045e+001
 -1.2392325e+002  4.6017056e+001
 -1.2392314e+002  4.6017078e+001
 -1.2392303e+002  4.6017092e+001
 -1.2392292e+002  4.6017139e+001
 -1.2392287e+002  4.6017169e+001
 -1.2392280e+002  4.6017239e+001
 -1.2392274e+002  4.6017293e+001
 -1.2392269e+002  4.6017335e+001
 -1.2392258e+002  4.6017387e+001
 -1.2392249e+002  4.6017417e+001
 -1.2392247e+002  4.6017422e+001
 -1.2392236e+002  4.6017485e+001
 -1.2392229e+002  4.6017541e+001
 -1.2392225e+002  4.6017580e+001
 -1.2392214e+002  4.6017646e+001
 -1.2392209e+002  4.6017666e+001
 -1.2392203e+002  4.6017687e+001
 -1.2392191e+002  4.6017716e+001
 -1.2392182e+002  4.6017790e+001
 -1.2392180e+002  4.6017826e+001
 -1.2392172e+002  4.6017914e+001
 -1.2392169e+002  4.6017930e+001
 -1.2392158e+002  4.6018004e+001
 -1.2392154e+002  4.6018038e+001
 -1.2392147e+002  4.6018106e+001
 -1.2392140e+002  4.6018162e+001
 -1.2392136e+002  4.6018187e+001
 -1.2392126e+002  4.6018287e+001
 -1.2392125e+002  4.6018323e+001
 -1.2392120e+002  4.6018411e+001
 -1.2392114e+002  4.6018512e+001
 -1.2392112e+002  4.6018535e+001
 -1.2392102e+002  4.6018642e+001
 -1.2392101e+002  4.6018659e+001
 -1.2392091e+002  4.6018741e+001
 -1.2392085e+002  4.6018783e+001
 -1.2392080e+002  4.6018810e+001
 -1.2392069e+002  4.6018861e+001
 -1.2392058e+002  4.6018897e+001
 -1.2392047e+002  4.6018905e+001
 -1.2392036e+002  4.6018903e+001
 -1.2392025e+002  4.6018895e+001
 -1.2392013e+002  4.6018890e+001
 -1.2392002e+002  4.6018882e+001
 -1.2391991e+002  4.6018883e+001
 -1.2391980e+002  4.6018878e+001
 -1.2391969e+002  4.6018870e+001
 -1.2391958e+002  4.6018871e+001
 -1.2391947e+002  4.6018869e+001
 -1.2391936e+002  4.6018878e+001
 -1.2391925e+002  4.6018884e+001
 -1.2391913e+002  4.6018886e+001
 -1.2391904e+002  4.6018908e+001
 -1.2391902e+002  4.6018915e+001
 -1.2391891e+002  4.6018947e+001
 -1.2391880e+002  4.6018967e+001
 -1.2391869e+002  4.6018984e+001
 -1.2391858e+002  4.6019010e+001
 -1.2391853e+002  4.6019032e+001
 -1.2391847e+002  4.6019073e+001
 -1.2391836e+002  4.6019150e+001
 -1.2391835e+002  4.6019156e+001
 -1.2391824e+002  4.6019237e+001
 -1.2391819e+002  4.6019280e+001
 -1.2391813e+002  4.6019352e+001
 -1.2391810e+002  4.6019405e+001
 -1.2391805e+002  4.6019529e+001
 -1.2391802e+002  4.6019651e+001
 -1.2391802e+002  4.6019653e+001
 -1.2391800e+002  4.6019777e+001
 -1.2391799e+002  4.6019901e+001
 -1.2391797e+002  4.6019991e+001
 -1.2391318e+002  4.6019991e+001
 -1.2391313e+002  4.6019978e+001
 -1.2391302e+002  4.6019959e+001
 -1.2391294e+002  4.6019901e+001
 -1.2391291e+002  4.6019840e+001
 -1.2391288e+002  4.6019777e+001
 -1.2391285e+002  4.6019653e+001
 -1.2391280e+002  4.6019529e+001
 -1.2391279e+002  4.6019510e+001
 -1.2391275e+002  4.6019405e+001
 -1.2391272e+002  4.6019280e+001
 -1.2391270e+002  4.6019156e+001
 -1.2391268e+002  4.6019129e+001
 -1.2391264e+002  4.6019032e+001
 -1.2391257e+002  4.6018939e+001
 -1.2391255e+002  4.6018908e+001
 -1.2391249e+002  4.6018783e+001
 -1.2391246e+002  4.6018739e+001
 -1.2391244e+002  4.6018659e+001
 -1.2391244e+002  4.6018535e+001
 -1.2391244e+002  4.6018411e+001
 -1.2391243e+002  4.6018287e+001
 -1.2391243e+002  4.6018162e+001
 -1.2391242e+002  4.6018038e+001
 -1.2391243e+002  4.6017914e+001
 -1.2391242e+002  4.6017790e+001
 -1.2391241e+002  4.6017666e+001
 -1.2391240e+002  4.6017541e+001
 -1.2391242e+002  4.6017417e+001
 -1.2391243e+002  4.6017293e+001
 -1.2391243e+002  4.6017169e+001
 -1.2391242e+002  4.6017045e+001
 -1.2391241e+002  4.6016920e+001
 -1.2391242e+002  4.6016796e+001
 -1.2391242e+002  4.6016672e+001
 -1.2391243e+002  4.6016548e+001
 -1.2391243e+002  4.6016424e+001
 -1.2391244e+002  4.6016299e+001
 -1.2391245e+002  4.6016175e+001
 -1.2391245e+002  4.6016051e+001
 -1.2391246e+002  4.6015927e+001
 -1.2391246e+002  4.6015845e+001
 -1.2391246e+002  4.6015802e+001
 -1.2391249e+002  4.6015678e+001
 -1.2391250e+002  4.6015554e+001
 -1.2391252e+002  4.6015430e+001
 -1.2391254e+002  4.6015306e+001
 -1.2391257e+002  4.6015181e+001
 -1.2391257e+002  4.6015167e+001
 -1.2391259e+002  4.6015057e+001
 -1.2391258e+002  4.6014933e+001
 -1.2391257e+002  4.6014909e+001
 -1.2391255e+002  4.6014809e+001
 -1.2391250e+002  4.6014685e+001
 -1.2391246e+002  4.6014615e+001
 -1.2391243e+002  4.6014560e+001
 -1.2391237e+002  4.6014436e+001
 -1.2391235e+002  4.6014391e+001
 -1.2391228e+002  4.6014312e+001
 -1.2391224e+002  4.6014289e+001
 -1.2391213e+002  4.6014245e+001
 -1.2391202e+002  4.6014208e+001
 -1.2391196e+002  4.6014188e+001
 -1.2391190e+002  4.6014165e+001
 -1.2391179e+002  4.6014103e+001
 -1.2391168e+002  4.6014064e+001
 -1.2391168e+002  4.6014064e+001
 -1.2391157e+002  4.6014031e+001
 -1.2391146e+002  4.6013998e+001
 -1.2391135e+002  4.6013973e+001
 -1.2391126e+002  4.6013939e+001
 -1.2391124e+002  4.6013921e+001
 -1.2391113e+002  4.6013841e+001
 -1.2391109e+002  4.6013815e+001
 -1.2391101e+002  4.6013748e+001
 -1.2391095e+002  4.6013691e+001
 -1.2391090e+002  4.6013629e+001
 -1.2391085e+002  4.6013567e+001
 -1.2391079e+002  4.6013501e+001
 -1.2391074e+002  4.6013443e+001
 -1.2391068e+002  4.6013318e+001
 -1.2391068e+002  4.6013299e+001
 -1.2391067e+002  4.6013194e+001
 -1.2391066e+002  4.6013070e+001
 -1.2391067e+002  4.6012946e+001
 -1.2391068e+002  4.6012821e+001
 -1.2391068e+002  4.6012697e+001
 -1.2391068e+002  4.6012669e+001
 -1.2391069e+002  4.6012573e+001
 -1.2391070e+002  4.6012449e+001
 -1.2391073e+002  4.6012325e+001
 -1.2391076e+002  4.6012200e+001
 -1.2391078e+002  4.6012076e+001
 -1.2391079e+002  4.6011973e+001
 -1.2391079e+002  4.6011952e+001
 -1.2391083e+002  4.6011828e+001
 -1.2391087e+002  4.6011704e+001
 -1.2391090e+002  4.6011628e+001
 -1.2391093e+002  4.6011579e+001
 -1.2391101e+002  4.6011455e+001
 -1.2391101e+002  4.6011443e+001
 -1.2391113e+002  4.6011333e+001
 -1.2391113e+002  4.6011331e+001
 -1.2391124e+002  4.6011275e+001
 -1.2391135e+002  4.6011232e+001
 -1.2391146e+002  4.6011214e+001
 -1.2391157e+002  4.6011214e+001
 -1.2391168e+002  4.6011216e+001
 -1.2391175e+002  4.6011207e+001
 -1.2391179e+002  4.6011201e+001
 -1.2391190e+002  4.6011183e+001
 -1.2391202e+002  4.6011180e+001
 -1.2391213e+002  4.6011189e+001
 -1.2391224e+002  4.6011201e+001
 -1.2391234e+002  4.6011207e+001
 -1.2391235e+002  4.6011207e+001
 -1.2391246e+002  4.6011209e+001
 -1.2391257e+002  4.6011209e+001
 -1.2391268e+002  4.6011228e+001
 -1.2391279e+002  4.6011290e+001
 -1.2391284e+002  4.6011331e+001
 -1.2391291e+002  4.6011379e+001
 -1.2391302e+002  4.6011437e+001
 -1.2391311e+002  4.6011455e+001
 -1.2391313e+002  4.6011460e+001
 -1.2391324e+002  4.6011467e+001
 -1.2391335e+002  4.6011478e+001
 -1.2391346e+002  4.6011510e+001
 -1.2391357e+002  4.6011526e+001
 -1.2391368e+002  4.6011533e+001
 -1.2391380e+002  4.6011532e+001
 -1.2391391e+002  4.6011528e+001
 -1.2391402e+002  4.6011523e+001
 -1.2391413e+002  4.6011504e+001
 -1.2391422e+002  4.6011455e+001
 -1.2391424e+002  4.6011448e+001
 -1.2391435e+002  4.6011358e+001
 -1.2391437e+002  4.6011331e+001
 -1.2391446e+002  4.6011273e+001
 -1.2391457e+002  4.6011222e+001
 -1.2391462e+002  4.6011207e+001
 -1.2391468e+002  4.6011181e+001
 -1.2391480e+002  4.6011143e+001
 -1.2391491e+002  4.6011112e+001
 -1.2391501e+002  4.6011083e+001
 -1.2391502e+002  4.6011057e+001
 -1.2391503e+002  4.6010958e+001
 -1.2391502e+002  4.6010889e+001
 -1.2391501e+002  4.6010834e+001
 -1.2391502e+002  4.6010756e+001
 -1.2391502e+002  4.6010710e+001
 -1.2391505e+002  4.6010586e+001
 -1.2391506e+002  4.6010461e+001
 -1.2391509e+002  4.6010337e+001
 -1.2391513e+002  4.6010250e+001
 -1.2391515e+002  4.6010213e+001
 -1.2391519e+002  4.6010089e+001
 -1.2391522e+002  4.6009965e+001
 -1.2391524e+002  4.6009893e+001
 -1.2391526e+002  4.6009840e+001
 -1.2391529e+002  4.6009716e+001
 -1.2391531e+002  4.6009592e+001
 -1.2391528e+002  4.6009468e+001
 -1.2391524e+002  4.6009378e+001
 -1.2391523e+002  4.6009344e+001
 -1.2391518e+002  4.6009219e+001
 -1.2391521e+002  4.6009095e+001
 -1.2391524e+002  4.6009053e+001
 -1.2391530e+002  4.6008971e+001
 -1.2391535e+002  4.6008900e+001
 -1.2391538e+002  4.6008847e+001
 -1.2391543e+002  4.6008723e+001
 -1.2391546e+002  4.6008662e+001
 -1.2391549e+002  4.6008598e+001
 -1.2391557e+002  4.6008519e+001
 -1.2391562e+002  4.6008474e+001
 -1.2391569e+002  4.6008403e+001
 -1.2391573e+002  4.6008350e+001
 -1.2391580e+002  4.6008290e+001
 -1.2391591e+002  4.6008274e+001
 -1.2391602e+002  4.6008277e+001
 -1.2391613e+002  4.6008273e+001
 -1.2391624e+002  4.6008228e+001
 -1.2391625e+002  4.6008226e+001
 -1.2391635e+002  4.6008128e+001
 -1.2391638e+002  4.6008102e+001
 -1.2391644e+002  4.6007977e+001
 -1.2391646e+002  4.6007895e+001
 -1.2391649e+002  4.6007853e+001
 -1.2391658e+002  4.6007731e+001
 -1.2391658e+002  4.6007729e+001
 -1.2391669e+002  4.6007667e+001
 -1.2391680e+002  4.6007680e+001
 -1.2391689e+002  4.6007729e+001
 -1.2391691e+002  4.6007746e+001
 -1.2391699e+002  4.6007853e+001
 -1.2391702e+002  4.6007908e+001
 -1.2391705e+002  4.6007977e+001
 -1.2391710e+002  4.6008102e+001
 -1.2391713e+002  4.6008143e+001
 -1.2391724e+002  4.6008208e+001
 -1.2391735e+002  4.6008155e+001
 -1.2391743e+002  4.6008102e+001
 -1.2391747e+002  4.6008077e+001
 -1.2391758e+002  4.6008046e+001
 -1.2391764e+002  4.6007977e+001
 -1.2391769e+002  4.6007922e+001
 -1.2391771e+002  4.6007853e+001
 -1.2391778e+002  4.6007729e+001
 -1.2391780e+002  4.6007687e+001
 -1.2391782e+002  4.6007605e+001
 -1.2391787e+002  4.6007480e+001
 -1.2391791e+002  4.6007371e+001
 -1.2391791e+002  4.6007356e+001
 -1.2391798e+002  4.6007232e+001
 -1.2391802e+002  4.6007185e+001
 -1.2391808e+002  4.6007108e+001
 -1.2391813e+002  4.6007045e+001
 -1.2391817e+002  4.6006984e+001
 -1.2391823e+002  4.6006859e+001
 -1.2391824e+002  4.6006820e+001
 -1.2391827e+002  4.6006735e+001
 -1.2391833e+002  4.6006611e+001
 -1.2391836e+002  4.6006563e+001
 -1.2391837e+002  4.6006487e+001
 -1.2391841e+002  4.6006363e+001
 -1.2391843e+002  4.6006238e+001
 -1.2391846e+002  4.6006114e+001
 -1.2391847e+002  4.6006070e+001
 -1.2391848e+002  4.6005990e+001
 -1.2391851e+002  4.6005866e+001
 -1.2391853e+002  4.6005742e+001
 -1.2391856e+002  4.6005617e+001
 -1.2391858e+002  4.6005570e+001
 -1.2391860e+002  4.6005493e+001
 -1.2391866e+002  4.6005369e+001
 -1.2391869e+002  4.6005317e+001
 -1.2391872e+002  4.6005245e+001
 -1.2391877e+002  4.6005121e+001
 -1.2391880e+002  4.6005070e+001
 -1.2391885e+002  4.6004996e+001
 -1.2391891e+002  4.6004904e+001
 -1.2391893e+002  4.6004872e+001
 -1.2391900e+002  4.6004748e+001
 -1.2391902e+002  4.6004692e+001
 -1.2391907e+002  4.6004624e+001
 -1.2391913e+002  4.6004549e+001
 -1.2391918e+002  4.6004499e+001
 -1.2391925e+002  4.6004383e+001
 -1.2391925e+002  4.6004375e+001
 -1.2391934e+002  4.6004251e+001
 -1.2391936e+002  4.6004239e+001
 -1.2391946e+002  4.6004127e+001
 -1.2391947e+002  4.6004117e+001
 -1.2391952e+002  4.6004003e+001
 -1.2391958e+002  4.6003925e+001
 -1.2391962e+002  4.6003878e+001
 -1.2391969e+002  4.6003787e+001
 -1.2391972e+002  4.6003754e+001
 -1.2391980e+002  4.6003667e+001
 -1.2391984e+002  4.6003630e+001
 -1.2391991e+002  4.6003550e+001
 -1.2391996e+002  4.6003506e+001
 -1.2392002e+002  4.6003447e+001
 -1.2392006e+002  4.6003382e+001
 -1.2392009e+002  4.6003257e+001
 -1.2392013e+002  4.6003133e+001
 -1.2392013e+002  4.6003112e+001
 -1.2392017e+002  4.6003009e+001
 -1.2392025e+002  4.6002887e+001
 -1.2392025e+002  4.6002885e+001
 -1.2392035e+002  4.6002761e+001
 -1.2392036e+002  4.6002751e+001
 -1.2392043e+002  4.6002636e+001
 -1.2392047e+002  4.6002580e+001
 -1.2392051e+002  4.6002512e+001
 -1.2392058e+002  4.6002388e+001
 -1.2392058e+002  4.6002386e+001
 -1.2392064e+002  4.6002264e+001
 -1.2392069e+002  4.6002150e+001
 -1.2392070e+002  4.6002139e+001
 -1.2392075e+002  4.6002015e+001
 -1.2392080e+002  4.6001938e+001
 -1.2392083e+002  4.6001891e+001
 -1.2392091e+002  4.6001805e+001
 -1.2392096e+002  4.6001767e+001
 -1.2392102e+002  4.6001718e+001
 -1.2392114e+002  4.6001646e+001
 -1.2392114e+002  4.6001643e+001
 -1.2392121e+002  4.6001518e+001
 -1.2392125e+002  4.6001474e+001
 -1.2392132e+002  4.6001394e+001
 -1.2392136e+002  4.6001354e+001
 -1.2392143e+002  4.6001270e+001
 -1.2392147e+002  4.6001191e+001
 -1.2392149e+002  4.6001146e+001
 -1.2392152e+002  4.6001022e+001
 -1.2392154e+002  4.6000897e+001
 -1.2392156e+002  4.6000773e+001
 -1.2392158e+002  4.6000654e+001
 -1.2392158e+002  4.6000649e+001
 -1.2392162e+002  4.6000525e+001
 -1.2392165e+002  4.6000401e+001
 -1.2392169e+002  4.6000276e+001
 -1.2392169e+002  4.6000274e+001
 -1.2392175e+002  4.6000152e+001
 -1.2392178e+002  4.6000028e+001
 -1.2392180e+002  4.5999904e+001
 -1.2392180e+002  4.5999869e+001
 -1.2392181e+002  4.5999780e+001
 -1.2392182e+002  4.5999655e+001
 -1.2392183e+002  4.5999531e+001
 -1.2392184e+002  4.5999407e+001
 -1.2392185e+002  4.5999283e+001
 -1.2392188e+002  4.5999158e+001
 -1.2392191e+002  4.5999094e+001
 -1.2392197e+002  4.5999034e+001
 -1.2392203e+002  4.5998967e+001
 -1.2392206e+002  4.5998910e+001
 -1.2392211e+002  4.5998786e+001
 -1.2392213e+002  4.5998662e+001
 -1.2392214e+002  4.5998585e+001
 -1.2392214e+002  4.5998537e+001
 -1.2392215e+002  4.5998413e+001
 -1.2392218e+002  4.5998289e+001
 -1.2392225e+002  4.5998210e+001
 -1.2392230e+002  4.5998165e+001
 -1.2392236e+002  4.5998088e+001
 -1.2392238e+002  4.5998041e+001
 -1.2392241e+002  4.5997916e+001
 -1.2392243e+002  4.5997792e+001
 -1.2392247e+002  4.5997735e+001
 -1.2392258e+002  4.5997668e+001
 -1.2392258e+002  4.5997665e+001
 -1.2392269e+002  4.5997555e+001
 -1.2392270e+002  4.5997544e+001
 -1.2392276e+002  4.5997420e+001
 -1.2392278e+002  4.5997295e+001
 -1.2392279e+002  4.5997171e+001
 -1.2392280e+002  4.5997158e+001
 -1.2392292e+002  4.5997114e+001
 -1.2392299e+002  4.5997047e+001
 -1.2392301e+002  4.5996923e+001
 -1.2392303e+002  4.5996881e+001
 -1.2392312e+002  4.5996799e+001
 -1.2392314e+002  4.5996778e+001
 -1.2392325e+002  4.5996779e+001
 -1.2392328e+002  4.5996799e+001
 -1.2392334e+002  4.5996923e+001
 -1.2392334e+002  4.5997047e+001
 -1.2392332e+002  4.5997171e+001
 -1.2392336e+002  4.5997266e+001
 -1.2392339e+002  4.5997295e+001
 -1.2392347e+002  4.5997383e+001
 -1.2392351e+002  4.5997420e+001
 -1.2392358e+002  4.5997539e+001
 -1.2392359e+002  4.5997544e+001
 -1.2392369e+002  4.5997644e+001
 -1.2392371e+002  4.5997668e+001
 -1.2392380e+002  4.5997792e+001
 -1.2392381e+002  4.5997799e+001
 -1.2392392e+002  4.5997868e+001
 -1.2392402e+002  4.5997916e+001
 -1.2392403e+002  4.5997920e+001
 -1.2392410e+002  4.5998041e+001
 -1.2392408e+002  4.5998165e+001
 -1.2392407e+002  4.5998289e+001
 -1.2392409e+002  4.5998413e+001
 -1.2392412e+002  4.5998537e+001
 -1.2392414e+002  4.5998656e+001
 -1.2392422e+002  4.5998537e+001
 -1.2392425e+002  4.5998519e+001
 -1.2392431e+002  4.5998413e+001
 -1.2392436e+002  4.5998365e+001
 -1.2392441e+002  4.5998289e+001
 -1.2392447e+002  4.5998226e+001
 -1.2392451e+002  4.5998165e+001
 -1.2392458e+002  4.5998041e+001
 -1.2392458e+002  4.5998027e+001
 -1.2392464e+002  4.5997916e+001
 -1.2392470e+002  4.5997836e+001
 -1.2392473e+002  4.5997792e+001
 -1.2392481e+002  4.5997684e+001
 -1.2392482e+002  4.5997668e+001
 -1.2392489e+002  4.5997544e+001
 -1.2392491e+002  4.5997420e+001
 -1.2392492e+002  4.5997341e+001
 -1.2392492e+002  4.5997295e+001
 -1.2392494e+002  4.5997171e+001
 -1.2392503e+002  4.5997049e+001
 -1.2392503e+002  4.5997047e+001
 -1.2392514e+002  4.5996923e+001
 -1.2392514e+002  4.5996913e+001
 -1.2392520e+002  4.5996799e+001
 -1.2392525e+002  4.5996732e+001
 -1.2392529e+002  4.5996674e+001
 -1.2392535e+002  4.5996550e+001
 -1.2392536e+002  4.5996533e+001
 -1.2392539e+002  4.5996426e+001
 -1.2392541e+002  4.5996302e+001
 -1.2392543e+002  4.5996177e+001
 -1.2392547e+002  4.5996053e+001
 -1.2392547e+002  4.5996053e+001
 -1.2392550e+002  4.5995929e+001
 -1.2392554e+002  4.5995805e+001
 -1.2392557e+002  4.5995681e+001
 -1.2392558e+002  4.5995639e+001
 -1.2392560e+002  4.5995556e+001
 -1.2392561e+002  4.5995432e+001
 -1.2392563e+002  4.5995308e+001
 -1.2392565e+002  4.5995184e+001
 -1.2392568e+002  4.5995060e+001
 -1.2392569e+002  4.5994935e+001
 -1.2392569e+002  4.5994811e+001
 -1.2392568e+002  4.5994687e+001
 -1.2392570e+002  4.5994618e+001
 -1.2392570e+002  4.5994563e+001
 -1.2392572e+002  4.5994439e+001
 -1.2392575e+002  4.5994314e+001
 -1.2392575e+002  4.5994190e+001
 -1.2392570e+002  4.5994068e+001
 -1.2392569e+002  4.5994066e+001
 -1.2392561e+002  4.5993942e+001
 -1.2392558e+002  4.5993876e+001
 -1.2392555e+002  4.5993817e+001
 -1.2392554e+002  4.5993693e+001
 -1.2392555e+002  4.5993569e+001
 -1.2392558e+002  4.5993451e+001
 -1.2392559e+002  4.5993445e+001
 -1.2392562e+002  4.5993321e+001
 -1.2392560e+002  4.5993196e+001
 -1.2392558e+002  4.5993156e+001
 -1.2392556e+002  4.5993072e+001
 -1.2392553e+002  4.5992948e+001
 -1.2392549e+002  4.5992824e+001
 -1.2392549e+002  4.5992700e+001
 -1.2392549e+002  4.5992575e+001
 -1.2392547e+002  4.5992451e+001
 -1.2392547e+002  4.5992403e+001
 -1.2392547e+002  4.5992327e+001
 -1.2392547e+002  4.5992313e+001
 -1.2392548e+002  4.5992203e+001
 -1.2392554e+002  4.5992079e+001
 -1.2392558e+002  4.5991975e+001
 -1.2392561e+002  4.5991954e+001
 -1.2392570e+002  4.5991893e+001
 -1.2392581e+002  4.5991860e+001
 -1.2392584e+002  4.5991830e+001
 -1.2392592e+002  4.5991775e+001
 -1.2392599e+002  4.5991706e+001
 -1.2392603e+002  4.5991655e+001
 -1.2392610e+002  4.5991582e+001
 -1.2392614e+002  4.5991546e+001
 -1.2392623e+002  4.5991458e+001
 -1.2392625e+002  4.5991425e+001
 -1.2392632e+002  4.5991333e+001
 -1.2392636e+002  4.5991291e+001
 -1.2392647e+002  4.5991273e+001
 -1.2392659e+002  4.5991274e+001
 -1.2392670e+002  4.5991248e+001
 -1.2392675e+002  4.5991209e+001
 -1.2392681e+002  4.5991171e+001
 -1.2392692e+002  4.5991119e+001
 -1.2392701e+002  4.5991085e+001
 -1.2392703e+002  4.5991073e+001
 -1.2392714e+002  4.5991032e+001
 -1.2392725e+002  4.5990998e+001
 -1.2392732e+002  4.5990961e+001
 -1.2392736e+002  4.5990925e+001
 -1.2392748e+002  4.5990838e+001
 -1.2392748e+002  4.5990836e+001
 -1.2392757e+002  4.5990712e+001
 -1.2392759e+002  4.5990636e+001
 -1.2392760e+002  4.5990588e+001
 -1.2392762e+002  4.5990464e+001
 -1.2392761e+002  4.5990340e+001
 -1.2392759e+002  4.5990287e+001
 -1.2392755e+002  4.5990215e+001
 -1.2392748e+002  4.5990174e+001
 -1.2392738e+002  4.5990215e+001
 -1.2392736e+002  4.5990229e+001
 -1.2392725e+002  4.5990311e+001
 -1.2392714e+002  4.5990306e+001
 -1.2392703e+002  4.5990223e+001
 -1.2392703e+002  4.5990215e+001
 -1.2392692e+002  4.5990130e+001
 -1.2392688e+002  4.5990091e+001
 -1.2392681e+002  4.5990008e+001
 -1.2392679e+002  4.5989967e+001
 -1.2392679e+002  4.5989843e+001
 -1.2392681e+002  4.5989719e+001
 -1.2392681e+002  4.5989708e+001
 -1.2392683e+002  4.5989594e+001
 -1.2392686e+002  4.5989470e+001
 -1.2392690e+002  4.5989346e+001
 -1.2392692e+002  4.5989241e+001
 -1.2392693e+002  4.5989222e+001
 -1.2392699e+002  4.5989098e+001
 -1.2392702e+002  4.5988973e+001
 -1.2392703e+002  4.5988924e+001
 -1.2392707e+002  4.5988849e+001
 -1.2392714e+002  4.5988762e+001
 -1.2392719e+002  4.5988725e+001
 -1.2392725e+002  4.5988653e+001
 -1.2392730e+002  4.5988601e+001
 -1.2392735e+002  4.5988477e+001
 -1.2392736e+002  4.5988386e+001
 -1.2392737e+002  4.5988352e+001
 -1.2392738e+002  4.5988228e+001
 -1.2392738e+002  4.5988104e+001
 -1.2392737e+002  4.5987980e+001
 -1.2392736e+002  4.5987928e+001
 -1.2392736e+002  4.5987855e+001
 -1.2392735e+002  4.5987731e+001
 -1.2392736e+002  4.5987650e+001
 -1.2392737e+002  4.5987607e+001
 -1.2392741e+002  4.5987483e+001
 -1.2392742e+002  4.5987359e+001
 -1.2392743e+002  4.5987234e+001
 -1.2392742e+002  4.5987110e+001
 -1.2392740e+002  4.5986986e+001
 -1.2392739e+002  4.5986862e+001
 -1.2392736e+002  4.5986744e+001
 -1.2392736e+002  4.5986738e+001
 -1.2392735e+002  4.5986613e+001
 -1.2392735e+002  4.5986489e+001
 -1.2392736e+002  4.5986365e+001
 -1.2392736e+002  4.5986357e+001
 -1.2392738e+002  4.5986241e+001
 -1.2392743e+002  4.5986117e+001
 -1.2392744e+002  4.5985992e+001
 -1.2392743e+002  4.5985868e+001
 -1.2392741e+002  4.5985744e+001
 -1.2392738e+002  4.5985620e+001
 -1.2392736e+002  4.5985584e+001
 -1.2392734e+002  4.5985495e+001
 -1.2392729e+002  4.5985371e+001
 -1.2392725e+002  4.5985276e+001
 -1.2392724e+002  4.5985247e+001
 -1.2392724e+002  4.5985123e+001
 -1.2392725e+002  4.5985063e+001
 -1.2392726e+002  4.5984999e+001
 -1.2392725e+002  4.5984986e+001
 -1.2392714e+002  4.5984955e+001
 -1.2392703e+002  4.5984902e+001
 -1.2392701e+002  4.5984874e+001
 -1.2392695e+002  4.5984750e+001
 -1.2392703e+002  4.5984635e+001
 -1.2392704e+002  4.5984626e+001
 -1.2392714e+002  4.5984538e+001
 -1.2392718e+002  4.5984502e+001
 -1.2392725e+002  4.5984398e+001
 -1.2392726e+002  4.5984378e+001
 -1.2392733e+002  4.5984253e+001
 -1.2392736e+002  4.5984175e+001
 -1.2392739e+002  4.5984129e+001
 -1.2392745e+002  4.5984005e+001
 -1.2392748e+002  4.5983886e+001
 -1.2392748e+002  4.5983881e+001
 -1.2392751e+002  4.5983757e+001
 -1.2392752e+002  4.5983632e+001
 -1.2392754e+002  4.5983508e+001
 -1.2392756e+002  4.5983384e+001
 -1.2392758e+002  4.5983260e+001
 -1.2392759e+002  4.5983245e+001
 -1.2392761e+002  4.5983136e+001
 -1.2392765e+002  4.5983011e+001
 -1.2392770e+002  4.5982894e+001
 -1.2392770e+002  4.5982887e+001
 -1.2392777e+002  4.5982763e+001
 -1.2392781e+002  4.5982655e+001
 -1.2392782e+002  4.5982639e+001
 -1.2392787e+002  4.5982514e+001
 -1.2392792e+002  4.5982453e+001
 -1.2392796e+002  4.5982390e+001
 -1.2392801e+002  4.5982266e+001
 -1.2392803e+002  4.5982223e+001
 -1.2392810e+002  4.5982142e+001
 -1.2392814e+002  4.5982071e+001
 -1.2392819e+002  4.5982018e+001
 -1.2392825e+002  4.5981953e+001
 -1.2392832e+002  4.5981893e+001
 -1.2392837e+002  4.5981858e+001
 -1.2392848e+002  4.5981776e+001
 -1.2392849e+002  4.5981769e+001
 -1.2392859e+002  4.5981711e+001
 -1.2392870e+002  4.5981658e+001
 -1.2392873e+002  4.5981645e+001
 -1.2392881e+002  4.5981602e+001
 -1.2392892e+002  4.5981537e+001
 -1.2392894e+002  4.5981521e+001
 -1.2392903e+002  4.5981403e+001
 -1.2392904e+002  4.5981397e+001
 -1.2392909e+002  4.5981272e+001
 -1.2392912e+002  4.5981148e+001
 -1.2392912e+002  4.5981024e+001
 -1.2392910e+002  4.5980900e+001
 -1.2392907e+002  4.5980776e+001
 -1.2392903e+002  4.5980695e+001
 -1.2392902e+002  4.5980651e+001
 -1.2392901e+002  4.5980527e+001
 -1.2392903e+002  4.5980403e+001
 -1.2392903e+002  4.5980386e+001
 -1.2392907e+002  4.5980279e+001
 -1.2392914e+002  4.5980165e+001
 -1.2392915e+002  4.5980155e+001
 -1.2392926e+002  4.5980053e+001
 -1.2392928e+002  4.5980030e+001
 -1.2392937e+002  4.5979975e+001
 -1.2392948e+002  4.5979912e+001
 -1.2392949e+002  4.5979906e+001
 -1.2392959e+002  4.5979841e+001
 -1.2392967e+002  4.5979782e+001
 -1.2392970e+002  4.5979709e+001
 -1.2392976e+002  4.5979658e+001
 -1.2392977e+002  4.5979533e+001
 -1.2392978e+002  4.5979409e+001
 -1.2392981e+002  4.5979373e+001
 -1.2392989e+002  4.5979409e+001
 -1.2392988e+002  4.5979533e+001
 -1.2392986e+002  4.5979658e+001
 -1.2392987e+002  4.5979782e+001
 -1.2392989e+002  4.5979906e+001
 -1.2392992e+002  4.5980030e+001
 -1.2392992e+002  4.5980041e+001
 -1.2393003e+002  4.5980143e+001
 -1.2393015e+002  4.5980142e+001
 -1.2393026e+002  4.5980082e+001
 -1.2393032e+002  4.5980030e+001
 -1.2393037e+002  4.5979987e+001
 -1.2393042e+002  4.5979906e+001
 -1.2393047e+002  4.5979782e+001
 -1.2393048e+002  4.5979753e+001
 -1.2393051e+002  4.5979658e+001
 -1.2393051e+002  4.5979533e+001
 -1.2393048e+002  4.5979479e+001
 -1.2393044e+002  4.5979409e+001
 -1.2393037e+002  4.5979358e+001
 -1.2393026e+002  4.5979300e+001
 -1.2393021e+002  4.5979285e+001
 -1.2393015e+002  4.5979256e+001
 -1.2393006e+002  4.5979161e+001
 -1.2393003e+002  4.5979104e+001
 -1.2393001e+002  4.5979037e+001
 -1.2393001e+002  4.5978912e+001
 -1.2392999e+002  4.5978788e+001
 -1.2392999e+002  4.5978664e+001
 -1.2393000e+002  4.5978540e+001
 -1.2393001e+002  4.5978416e+001
 -1.2393001e+002  4.5978291e+001
 -1.2393003e+002  4.5978167e+001
 -1.2393003e+002  4.5978043e+001
 -1.2393002e+002  4.5977919e+001
 -1.2392997e+002  4.5977795e+001
 -1.2392992e+002  4.5977735e+001
 -1.2392987e+002  4.5977670e+001
 -1.2392981e+002  4.5977615e+001
 -1.2392972e+002  4.5977546e+001
 -1.2392970e+002  4.5977522e+001
 -1.2392962e+002  4.5977422e+001
 -1.2392959e+002  4.5977380e+001
 -1.2392952e+002  4.5977298e+001
 -1.2392948e+002  4.5977260e+001
 -1.2392937e+002  4.5977190e+001
 -1.2392932e+002  4.5977173e+001
 -1.2392926e+002  4.5977153e+001
 -1.2392914e+002  4.5977134e+001
 -1.2392903e+002  4.5977133e+001
 -1.2392892e+002  4.5977126e+001
 -1.2392881e+002  4.5977114e+001
 -1.2392870e+002  4.5977053e+001
 -1.2392870e+002  4.5977049e+001
 -1.2392861e+002  4.5976925e+001
 -1.2392864e+002  4.5976801e+001
 -1.2392868e+002  4.5976677e+001
 -1.2392869e+002  4.5976552e+001
 -1.2392868e+002  4.5976428e+001
 -1.2392866e+002  4.5976304e+001
 -1.2392862e+002  4.5976180e+001
 -1.2392859e+002  4.5976112e+001
 -1.2392857e+002  4.5976056e+001
 -1.2392850e+002  4.5975931e+001
 -1.2392848e+002  4.5975902e+001
 -1.2392841e+002  4.5975807e+001
 -1.2392837e+002  4.5975726e+001
 -1.2392834e+002  4.5975683e+001
 -1.2392827e+002  4.5975559e+001
 -1.2392825e+002  4.5975480e+001
 -1.2392824e+002  4.5975435e+001
 -1.2392824e+002  4.5975310e+001
 -1.2392825e+002  4.5975186e+001
 -1.2392825e+002  4.5975072e+001
 -1.2392825e+002  4.5975062e+001
 -1.2392827e+002  4.5974938e+001
 -1.2392831e+002  4.5974814e+001
 -1.2392836e+002  4.5974689e+001
 -1.2392837e+002  4.5974686e+001
 -1.2392840e+002  4.5974565e+001
 -1.2392843e+002  4.5974441e+001
 -1.2392842e+002  4.5974317e+001
 -1.2392841e+002  4.5974192e+001
 -1.2392840e+002  4.5974068e+001
 -1.2392838e+002  4.5973944e+001
 -1.2392837e+002  4.5973843e+001
 -1.2392836e+002  4.5973820e+001
 -1.2392834e+002  4.5973696e+001
 -1.2392833e+002  4.5973571e+001
 -1.2392835e+002  4.5973447e+001
 -1.2392837e+002  4.5973426e+001
 -1.2392840e+002  4.5973323e+001
 -1.2392848e+002  4.5973205e+001
 -1.2392848e+002  4.5973199e+001
 -1.2392859e+002  4.5973104e+001
 -1.2392863e+002  4.5973075e+001
 -1.2392870e+002  4.5973025e+001
 -1.2392881e+002  4.5972967e+001
 -1.2392886e+002  4.5972950e+001
 -1.2392892e+002  4.5972928e+001
 -1.2392903e+002  4.5972894e+001
 -1.2392914e+002  4.5972851e+001
 -1.2392921e+002  4.5972826e+001
 -1.2392926e+002  4.5972800e+001
 -1.2392937e+002  4.5972741e+001
 -1.2392943e+002  4.5972702e+001
 -1.2392948e+002  4.5972631e+001
 -1.2392950e+002  4.5972578e+001
 -1.2392953e+002  4.5972454e+001
 -1.2392955e+002  4.5972329e+001
 -1.2392959e+002  4.5972205e+001
 -1.2392959e+002  4.5972204e+001
 -1.2392969e+002  4.5972081e+001
 -1.2392970e+002  4.5972075e+001
 -1.2392979e+002  4.5971998e+001
 -1.2393516e+002  4.5971998e+001
 -1.2393518e+002  4.5972081e+001
 -1.2393522e+002  4.5972205e+001
 -1.2393526e+002  4.5972275e+001
 -1.2393531e+002  4.5972329e+001
 -1.2393537e+002  4.5972382e+001
 -1.2393548e+002  4.5972442e+001
 -1.2393551e+002  4.5972454e+001
 -1.2393560e+002  4.5972511e+001
 -1.2393566e+002  4.5972578e+001
 -1.2393571e+002  4.5972620e+001
 -1.2393582e+002  4.5972699e+001
 -1.2393582e+002  4.5972702e+001
 -1.2393593e+002  4.5972760e+001
 -1.2393604e+002  4.5972814e+001
 -1.2393607e+002  4.5972826e+001
 -1.2393615e+002  4.5972872e+001
 -1.2393626e+002  4.5972950e+001
 -1.2393626e+002  4.5972952e+001
 -1.2393637e+002  4.5973016e+001
 -1.2393648e+002  4.5973073e+001
 -1.2393649e+002  4.5973075e+001
 -1.2393660e+002  4.5973122e+001
 -1.2393671e+002  4.5973189e+001
 -1.2393672e+002  4.5973199e+001
 -1.2393682e+002  4.5973285e+001
 -1.2393685e+002  4.5973323e+001
 -1.2393693e+002  4.5973384e+001
 -1.2393704e+002  4.5973443e+001
 -1.2393705e+002  4.5973447e+001
 -1.2393715e+002  4.5973487e+001
 -1.2393726e+002  4.5973519e+001
 -1.2393737e+002  4.5973533e+001
 -1.2393749e+002  4.5973506e+001
 -1.2393754e+002  4.5973447e+001
 -1.2393759e+002  4.5973323e+001
 -1.2393760e+002  4.5973293e+001
 -1.2393763e+002  4.5973199e+001
 -1.2393771e+002  4.5973134e+001
 -1.2393782e+002  4.5973089e+001
 -1.2393793e+002  4.5973101e+001
 -1.2393804e+002  4.5973116e+001
 -1.2393815e+002  4.5973130e+001
 -1.2393826e+002  4.5973156e+001
 -1.2393837e+002  4.5973199e+001
 -1.2393838e+002  4.5973202e+001
 -1.2393848e+002  4.5973323e+001
 -1.2393849e+002  4.5973340e+001
 -1.2393852e+002  4.5973447e+001
 -1.2393855e+002  4.5973571e+001
 -1.2393858e+002  4.5973696e+001
 -1.2393860e+002  4.5973787e+001
 -1.2393861e+002  4.5973820e+001
 -1.2393862e+002  4.5973944e+001
 -1.2393864e+002  4.5974068e+001
 -1.2393868e+002  4.5974192e+001
 -1.2393871e+002  4.5974243e+001
 -1.2393876e+002  4.5974317e+001
 -1.2393882e+002  4.5974367e+001
 -1.2393893e+002  4.5974441e+001
 -1.2393893e+002  4.5974443e+001
 -1.2393904e+002  4.5974461e+001
 -1.2393915e+002  4.5974461e+001
 -1.2393927e+002  4.5974460e+001
 -1.2393938e+002  4.5974451e+001
 -1.2393945e+002  4.5974441e+001
 -1.2393949e+002  4.5974436e+001
 -1.2393960e+002  4.5974420e+001
 -1.2393971e+002  4.5974405e+001
 -1.2393982e+002  4.5974396e+001
 -1.2393993e+002  4.5974391e+001
 -1.2394004e+002  4.5974398e+001
 -1.2394015e+002  4.5974441e+001
 -1.2394016e+002  4.5974443e+001
 -1.2394027e+002  4.5974505e+001
 -1.2394038e+002  4.5974559e+001
 -1.2394039e+002  4.5974565e+001
 -1.2394049e+002  4.5974591e+001
 -1.2394060e+002  4.5974613e+001
 -1.2394071e+002  4.5974623e+001
 -1.2394082e+002  4.5974621e+001
 -1.2394093e+002  4.5974591e+001
 -1.2394100e+002  4.5974565e+001
 -1.2394105e+002  4.5974494e+001
 -1.2394107e+002  4.5974441e+001
 -1.2394105e+002  4.5974381e+001
 -1.2394102e+002  4.5974317e+001
 -1.2394093e+002  4.5974212e+001
 -1.2394092e+002  4.5974192e+001
 -1.2394083e+002  4.5974068e+001
 -1.2394082e+002  4.5974057e+001
 -1.2394079e+002  4.5973944e+001
 -1.2394082e+002  4.5973881e+001
 -1.2394086e+002  4.5973820e+001
 -1.2394093e+002  4.5973739e+001
 -1.2394097e+002  4.5973696e+001
 -1.2394105e+002  4.5973634e+001
 -1.2394112e+002  4.5973571e+001
 -1.2394116e+002  4.5973550e+001
 -1.2394127e+002  4.5973485e+001
 -1.2394138e+002  4.5973454e+001
 -1.2394148e+002  4.5973447e+001
 -1.2394149e+002  4.5973446e+001
 -1.2394152e+002  4.5973447e+001
 -1.2394160e+002  4.5973450e+001
 -1.2394171e+002  4.5973456e+001
 -1.2394182e+002  4.5973452e+001
 -1.2394193e+002  4.5973447e+001
 -1.2394193e+002  4.5973447e+001
 -1.2394205e+002  4.5973443e+001
 -1.2394216e+002  4.5973445e+001
 -1.2394219e+002  4.5973447e+001
 -1.2394227e+002  4.5973451e+001
 -1.2394238e+002  4.5973455e+001
 -1.2394249e+002  4.5973457e+001
 -1.2394260e+002  4.5973452e+001
 -1.2394271e+002  4.5973449e+001
 -1.2394282e+002  4.5973449e+001
 -1.2394294e+002  4.5973455e+001
 -1.2394305e+002  4.5973472e+001
 -1.2394316e+002  4.5973533e+001
 -1.2394320e+002  4.5973571e+001
 -1.2394324e+002  4.5973696e+001
 -1.2394325e+002  4.5973820e+001
 -1.2394324e+002  4.5973944e+001
 -1.2394322e+002  4.5974068e+001
 -1.2394321e+002  4.5974192e+001
 -1.2394321e+002  4.5974317e+001
 -1.2394327e+002  4.5974425e+001
 -1.2394328e+002  4.5974441e+001
 -1.2394338e+002  4.5974503e+001
 -1.2394349e+002  4.5974556e+001
 -1.2394351e+002  4.5974565e+001
 -1.2394360e+002  4.5974595e+001
 -1.2394371e+002  4.5974612e+001
 -1.2394383e+002  4.5974631e+001
 -1.2394394e+002  4.5974670e+001
 -1.2394398e+002  4.5974689e+001
 -1.2394405e+002  4.5974703e+001
 -1.2394416e+002  4.5974729e+001
 -1.2394427e+002  4.5974733e+001
 -1.2394438e+002  4.5974740e+001
 -1.2394449e+002  4.5974755e+001
 -1.2394460e+002  4.5974762e+001
 -1.2394472e+002  4.5974775e+001
 -1.2394483e+002  4.5974780e+001
 -1.2394494e+002  4.5974794e+001
 -1.2394501e+002  4.5974814e+001
 -1.2394505e+002  4.5974820e+001
 -1.2394516e+002  4.5974855e+001
 -1.2394527e+002  4.5974921e+001
 -1.2394531e+002  4.5974938e+001
 -1.2394538e+002  4.5974953e+001
 -1.2394549e+002  4.5974980e+001
 -1.2394550e+002  4.5974981e+001
