 -1.2392905e+002  4.6019991e+001
 -1.2392904e+002  4.6019901e+001
 -1.2392904e+002  4.6019777e+001
 -1.2392904e+002  4.6019653e+001
 -1.2392904e+002  4.6019529e+001
 -1.2392904e+002  4.6019405e+001
 -1.2392904e+002  4.6019280e+001
 -1.2392903e+002  4.6019156e+001
 -1.2392903e+002  4.6019142e+001
 -1.2392902e+002  4.6019032e+001
 -1.2392901e+002  4.6018908e+001
 -1.2392899e+002  4.6018783e+001
 -1.2392898e+002  4.6018659e+001
 -1.2392896e+002  4.6018535e+001
 -1.2392896e+002  4.6018411e+001
 -1.2392896e+002  4.6018287e+001
 -1.2392894e+002  4.6018162e+001
 -1.2392893e+002  4.6018038e+001
 -1.2392892e+002  4.6017996e+001
 -1.2392890e+002  4.6017914e+001
 -1.2392889e+002  4.6017790e+001
 -1.2392887e+002  4.6017666e+001
 -1.2392887e+002  4.6017541e+001
 -1.2392884e+002  4.6017417e+001
 -1.2392883e+002  4.6017293e+001
 -1.2392884e+002  4.6017169e+001
 -1.2392883e+002  4.6017045e+001
 -1.2392882e+002  4.6016920e+001
 -1.2392881e+002  4.6016801e+001
 -1.2392881e+002  4.6016796e+001
 -1.2392880e+002  4.6016672e+001
 -1.2392877e+002  4.6016548e+001
 -1.2392876e+002  4.6016424e+001
 -1.2392874e+002  4.6016299e+001
 -1.2392872e+002  4.6016175e+001
 -1.2392871e+002  4.6016051e+001
 -1.2392870e+002  4.6016010e+001
 -1.2392866e+002  4.6015927e+001
 -1.2392861e+002  4.6015802e+001
 -1.2392859e+002  4.6015760e+001
 -1.2392853e+002  4.6015678e+001
 -1.2392849e+002  4.6015554e+001
 -1.2392848e+002  4.6015475e+001
 -1.2392847e+002  4.6015430e+001
 -1.2392845e+002  4.6015306e+001
 -1.2392844e+002  4.6015181e+001
 -1.2392844e+002  4.6015057e+001
 -1.2392843e+002  4.6014933e+001
 -1.2392840e+002  4.6014809e+001
 -1.2392837e+002  4.6014685e+001
 -1.2392837e+002  4.6014676e+001
 -1.2392831e+002  4.6014560e+001
 -1.2392826e+002  4.6014436e+001
 -1.2392825e+002  4.6014409e+001
 -1.2392821e+002  4.6014312e+001
 -1.2392816e+002  4.6014188e+001
 -1.2392814e+002  4.6014160e+001
 -1.2392807e+002  4.6014064e+001
 -1.2392803e+002  4.6014010e+001
 -1.2392798e+002  4.6013939e+001
 -1.2392795e+002  4.6013815e+001
 -1.2392793e+002  4.6013691e+001
 -1.2392792e+002  4.6013662e+001
 -1.2392789e+002  4.6013567e+001
 -1.2392783e+002  4.6013443e+001
 -1.2392781e+002  4.6013394e+001
 -1.2392775e+002  4.6013318e+001
 -1.2392770e+002  4.6013257e+001
 -1.2392761e+002  4.6013194e+001
 -1.2392759e+002  4.6013176e+001
 -1.2392748e+002  4.6013118e+001
 -1.2392743e+002  4.6013070e+001
 -1.2392736e+002  4.6013003e+001
 -1.2392731e+002  4.6012946e+001
 -1.2392725e+002  4.6012901e+001
 -1.2392714e+002  4.6012830e+001
 -1.2392713e+002  4.6012821e+001
 -1.2392703e+002  4.6012768e+001
 -1.2392692e+002  4.6012701e+001
 -1.2392692e+002  4.6012697e+001
 -1.2392681e+002  4.6012633e+001
 -1.2392671e+002  4.6012573e+001
 -1.2392670e+002  4.6012564e+001
 -1.2392659e+002  4.6012527e+001
 -1.2392647e+002  4.6012497e+001
 -1.2392636e+002  4.6012462e+001
 -1.2392634e+002  4.6012449e+001
 -1.2392625e+002  4.6012422e+001
 -1.2392614e+002  4.6012382e+001
 -1.2392603e+002  4.6012336e+001
 -1.2392601e+002  4.6012325e+001
 -1.2392592e+002  4.6012270e+001
 -1.2392581e+002  4.6012200e+001
 -1.2392581e+002  4.6012198e+001
 -1.2392576e+002  4.6012076e+001
 -1.2392573e+002  4.6011952e+001
 -1.2392570e+002  4.6011910e+001
 -1.2392561e+002  4.6011828e+001
 -1.2392558e+002  4.6011805e+001
 -1.2392547e+002  4.6011775e+001
 -1.2392536e+002  4.6011810e+001
 -1.2392534e+002  4.6011828e+001
 -1.2392525e+002  4.6011930e+001
 -1.2392524e+002  4.6011952e+001
 -1.2392525e+002  4.6012076e+001
 -1.2392525e+002  4.6012082e+001
 -1.2392531e+002  4.6012200e+001
 -1.2392530e+002  4.6012325e+001
 -1.2392526e+002  4.6012449e+001
 -1.2392525e+002  4.6012457e+001
 -1.2392514e+002  4.6012457e+001
 -1.2392513e+002  4.6012449e+001
 -1.2392505e+002  4.6012325e+001
 -1.2392503e+002  4.6012214e+001
 -1.2392492e+002  4.6012216e+001
 -1.2392481e+002  4.6012231e+001
 -1.2392473e+002  4.6012200e+001
 -1.2392470e+002  4.6012196e+001
 -1.2392458e+002  4.6012170e+001
 -1.2392447e+002  4.6012158e+001
 -1.2392436e+002  4.6012164e+001
 -1.2392425e+002  4.6012159e+001
 -1.2392414e+002  4.6012146e+001
 -1.2392403e+002  4.6012148e+001
 -1.2392392e+002  4.6012149e+001
 -1.2392381e+002  4.6012161e+001
 -1.2392369e+002  4.6012175e+001
 -1.2392358e+002  4.6012198e+001
 -1.2392358e+002  4.6012200e+001
 -1.2392347e+002  4.6012290e+001
 -1.2392343e+002  4.6012325e+001
 -1.2392336e+002  4.6012385e+001
 -1.2392328e+002  4.6012449e+001
 -1.2392325e+002  4.6012482e+001
 -1.2392317e+002  4.6012573e+001
 -1.2392314e+002  4.6012634e+001
 -1.2392311e+002  4.6012697e+001
 -1.2392307e+002  4.6012821e+001
 -1.2392306e+002  4.6012946e+001
 -1.2392309e+002  4.6013070e+001
 -1.2392314e+002  4.6013119e+001
 -1.2392325e+002  4.6013175e+001
 -1.2392334e+002  4.6013194e+001
 -1.2392336e+002  4.6013196e+001
 -1.2392347e+002  4.6013200e+001
 -1.2392358e+002  4.6013203e+001
 -1.2392369e+002  4.6013217e+001
 -1.2392381e+002  4.6013240e+001
 -1.2392392e+002  4.6013276e+001
 -1.2392398e+002  4.6013318e+001
 -1.2392403e+002  4.6013345e+001
 -1.2392414e+002  4.6013377e+001
 -1.2392425e+002  4.6013332e+001
 -1.2392436e+002  4.6013343e+001
 -1.2392441e+002  4.6013443e+001
 -1.2392447e+002  4.6013519e+001
 -1.2392449e+002  4.6013567e+001
 -1.2392448e+002  4.6013691e+001
 -1.2392450e+002  4.6013815e+001
 -1.2392453e+002  4.6013939e+001
 -1.2392458e+002  4.6014064e+001
 -1.2392458e+002  4.6014065e+001
 -1.2392469e+002  4.6014188e+001
 -1.2392470e+002  4.6014197e+001
 -1.2392477e+002  4.6014312e+001
 -1.2392481e+002  4.6014419e+001
 -1.2392481e+002  4.6014436e+001
 -1.2392482e+002  4.6014560e+001
 -1.2392482e+002  4.6014685e+001
 -1.2392482e+002  4.6014809e+001
 -1.2392482e+002  4.6014933e+001
 -1.2392481e+002  4.6015037e+001
 -1.2392480e+002  4.6015057e+001
 -1.2392478e+002  4.6015181e+001
 -1.2392475e+002  4.6015306e+001
 -1.2392471e+002  4.6015430e+001
 -1.2392470e+002  4.6015459e+001
 -1.2392465e+002  4.6015554e+001
 -1.2392460e+002  4.6015678e+001
 -1.2392458e+002  4.6015725e+001
 -1.2392457e+002  4.6015802e+001
 -1.2392452e+002  4.6015927e+001
 -1.2392447e+002  4.6016000e+001
 -1.2392442e+002  4.6016051e+001
 -1.2392436e+002  4.6016104e+001
 -1.2392426e+002  4.6016175e+001
 -1.2392425e+002  4.6016179e+001
 -1.2392414e+002  4.6016247e+001
 -1.2392409e+002  4.6016299e+001
 -1.2392403e+002  4.6016411e+001
 -1.2392402e+002  4.6016424e+001
 -1.2392392e+002  4.6016531e+001
 -1.2392388e+002  4.6016548e+001
 -1.2392381e+002  4.6016600e+001
 -1.2392374e+002  4.6016672e+001
 -1.2392369e+002  4.6016718e+001
 -1.2392358e+002  4.6016779e+001
 -1.2392349e+002  4.6016796e+001
 -1.2392347e+002  4.6016801e+001
 -1.2392336e+002  4.6016826e+001
 -1.2392325e+002  4.6016894e+001
 -1.2392322e+002  4.6016920e+001
 -1.2392314e+002  4.6016989e+001
 -1.2392303e+002  4.6017030e+001
 -1.2392292e+002  4.6017034e+001
 -1.2392280e+002  4.6017042e+001
 -1.2392280e+002  4.6017045e+001
 -1.2392269e+002  4.6017093e+001
 -1.2392263e+002  4.6017169e+001
 -1.2392258e+002  4.6017235e+001
 -1.2392251e+002  4.6017293e+001
 -1.2392247e+002  4.6017322e+001
 -1.2392236e+002  4.6017342e+001
 -1.2392225e+002  4.6017360e+001
 -1.2392215e+002  4.6017417e+001
 -1.2392214e+002  4.6017432e+001
 -1.2392206e+002  4.6017541e+001
 -1.2392203e+002  4.6017580e+001
 -1.2392191e+002  4.6017654e+001
 -1.2392189e+002  4.6017666e+001
 -1.2392180e+002  4.6017714e+001
 -1.2392172e+002  4.6017790e+001
 -1.2392169e+002  4.6017818e+001
 -1.2392158e+002  4.6017877e+001
 -1.2392152e+002  4.6017914e+001
 -1.2392147e+002  4.6017945e+001
 -1.2392136e+002  4.6018019e+001
 -1.2392134e+002  4.6018038e+001
 -1.2392125e+002  4.6018136e+001
 -1.2392122e+002  4.6018162e+001
 -1.2392114e+002  4.6018225e+001
 -1.2392104e+002  4.6018287e+001
 -1.2392102e+002  4.6018305e+001
 -1.2392091e+002  4.6018394e+001
 -1.2392089e+002  4.6018411e+001
 -1.2392080e+002  4.6018470e+001
 -1.2392070e+002  4.6018535e+001
 -1.2392069e+002  4.6018541e+001
 -1.2392058e+002  4.6018613e+001
 -1.2392047e+002  4.6018637e+001
 -1.2392036e+002  4.6018646e+001
 -1.2392025e+002  4.6018659e+001
 -1.2392025e+002  4.6018659e+001
 -1.2392013e+002  4.6018670e+001
 -1.2392002e+002  4.6018685e+001
 -1.2391991e+002  4.6018687e+001
 -1.2391980e+002  4.6018696e+001
 -1.2391969e+002  4.6018711e+001
 -1.2391958e+002  4.6018718e+001
 -1.2391947e+002  4.6018728e+001
 -1.2391936e+002  4.6018730e+001
 -1.2391925e+002  4.6018736e+001
 -1.2391913e+002  4.6018746e+001
 -1.2391902e+002  4.6018751e+001
 -1.2391891e+002  4.6018756e+001
 -1.2391880e+002  4.6018754e+001
 -1.2391869e+002  4.6018755e+001
 -1.2391858e+002  4.6018771e+001
 -1.2391854e+002  4.6018783e+001
 -1.2391847e+002  4.6018813e+001
 -1.2391836e+002  4.6018901e+001
 -1.2391834e+002  4.6018908e+001
 -1.2391824e+002  4.6018937e+001
 -1.2391813e+002  4.6018984e+001
 -1.2391807e+002  4.6019032e+001
 -1.2391802e+002  4.6019075e+001
 -1.2391794e+002  4.6019156e+001
 -1.2391791e+002  4.6019185e+001
 -1.2391785e+002  4.6019280e+001
 -1.2391783e+002  4.6019405e+001
 -1.2391781e+002  4.6019529e+001
 -1.2391781e+002  4.6019653e+001
 -1.2391783e+002  4.6019777e+001
 -1.2391782e+002  4.6019901e+001
 -1.2391781e+002  4.6019991e+001
 -1.2391594e+002  4.6019991e+001
 -1.2391591e+002  4.6019971e+001
 -1.2391580e+002  4.6019913e+001
 -1.2391579e+002  4.6019901e+001
 -1.2391573e+002  4.6019777e+001
 -1.2391570e+002  4.6019653e+001
 -1.2391569e+002  4.6019620e+001
 -1.2391563e+002  4.6019529e+001
 -1.2391557e+002  4.6019473e+001
 -1.2391550e+002  4.6019405e+001
 -1.2391546e+002  4.6019364e+001
 -1.2391538e+002  4.6019280e+001
 -1.2391535e+002  4.6019244e+001
 -1.2391527e+002  4.6019156e+001
 -1.2391524e+002  4.6019080e+001
 -1.2391522e+002  4.6019032e+001
 -1.2391521e+002  4.6018908e+001
 -1.2391523e+002  4.6018783e+001
 -1.2391524e+002  4.6018740e+001
 -1.2391526e+002  4.6018659e+001
 -1.2391528e+002  4.6018535e+001
 -1.2391530e+002  4.6018411e+001
 -1.2391533e+002  4.6018287e+001
 -1.2391533e+002  4.6018162e+001
 -1.2391532e+002  4.6018038e+001
 -1.2391529e+002  4.6017914e+001
 -1.2391524e+002  4.6017790e+001
 -1.2391524e+002  4.6017789e+001
 -1.2391513e+002  4.6017672e+001
 -1.2391512e+002  4.6017666e+001
 -1.2391507e+002  4.6017541e+001
 -1.2391507e+002  4.6017417e+001
 -1.2391510e+002  4.6017293e+001
 -1.2391513e+002  4.6017171e+001
 -1.2391513e+002  4.6017169e+001
 -1.2391514e+002  4.6017045e+001
 -1.2391514e+002  4.6016920e+001
 -1.2391513e+002  4.6016867e+001
 -1.2391509e+002  4.6016796e+001
 -1.2391502e+002  4.6016711e+001
 -1.2391491e+002  4.6016723e+001
 -1.2391484e+002  4.6016796e+001
 -1.2391480e+002  4.6016856e+001
 -1.2391477e+002  4.6016920e+001
 -1.2391468e+002  4.6017022e+001
 -1.2391457e+002  4.6017023e+001
 -1.2391446e+002  4.6017001e+001
 -1.2391435e+002  4.6017019e+001
 -1.2391431e+002  4.6017045e+001
 -1.2391425e+002  4.6017169e+001
 -1.2391424e+002  4.6017177e+001
 -1.2391413e+002  4.6017224e+001
 -1.2391408e+002  4.6017169e+001
 -1.2391404e+002  4.6017045e+001
 -1.2391402e+002  4.6017030e+001
 -1.2391391e+002  4.6017004e+001
 -1.2391380e+002  4.6016991e+001
 -1.2391368e+002  4.6016971e+001
 -1.2391358e+002  4.6016920e+001
 -1.2391357e+002  4.6016914e+001
 -1.2391346e+002  4.6016916e+001
 -1.2391335e+002  4.6016883e+001
 -1.2391327e+002  4.6016796e+001
 -1.2391324e+002  4.6016764e+001
 -1.2391319e+002  4.6016672e+001
 -1.2391315e+002  4.6016548e+001
 -1.2391313e+002  4.6016458e+001
 -1.2391312e+002  4.6016424e+001
 -1.2391313e+002  4.6016363e+001
 -1.2391314e+002  4.6016299e+001
 -1.2391316e+002  4.6016175e+001
 -1.2391316e+002  4.6016051e+001
 -1.2391317e+002  4.6015927e+001
 -1.2391317e+002  4.6015802e+001
 -1.2391317e+002  4.6015678e+001
 -1.2391316e+002  4.6015554e+001
 -1.2391315e+002  4.6015430e+001
 -1.2391313e+002  4.6015334e+001
 -1.2391312e+002  4.6015306e+001
 -1.2391309e+002  4.6015181e+001
 -1.2391303e+002  4.6015057e+001
 -1.2391302e+002  4.6015038e+001
 -1.2391298e+002  4.6014933e+001
 -1.2391299e+002  4.6014809e+001
 -1.2391301e+002  4.6014685e+001
 -1.2391302e+002  4.6014653e+001
 -1.2391312e+002  4.6014560e+001
 -1.2391313e+002  4.6014553e+001
 -1.2391324e+002  4.6014532e+001
 -1.2391335e+002  4.6014526e+001
 -1.2391346e+002  4.6014495e+001
 -1.2391357e+002  4.6014444e+001
 -1.2391363e+002  4.6014436e+001
 -1.2391368e+002  4.6014431e+001
 -1.2391380e+002  4.6014431e+001
 -1.2391391e+002  4.6014433e+001
 -1.2391402e+002  4.6014423e+001
 -1.2391413e+002  4.6014414e+001
 -1.2391424e+002  4.6014419e+001
 -1.2391435e+002  4.6014434e+001
 -1.2391436e+002  4.6014436e+001
 -1.2391446e+002  4.6014461e+001
 -1.2391457e+002  4.6014484e+001
 -1.2391468e+002  4.6014507e+001
 -1.2391480e+002  4.6014495e+001
 -1.2391491e+002  4.6014463e+001
 -1.2391501e+002  4.6014436e+001
 -1.2391502e+002  4.6014433e+001
 -1.2391513e+002  4.6014418e+001
 -1.2391524e+002  4.6014398e+001
 -1.2391535e+002  4.6014356e+001
 -1.2391544e+002  4.6014312e+001
 -1.2391546e+002  4.6014303e+001
 -1.2391557e+002  4.6014258e+001
 -1.2391569e+002  4.6014234e+001
 -1.2391580e+002  4.6014216e+001
 -1.2391591e+002  4.6014197e+001
 -1.2391595e+002  4.6014188e+001
 -1.2391602e+002  4.6014171e+001
 -1.2391613e+002  4.6014133e+001
 -1.2391624e+002  4.6014073e+001
 -1.2391626e+002  4.6014064e+001
 -1.2391635e+002  4.6013940e+001
 -1.2391635e+002  4.6013939e+001
 -1.2391639e+002  4.6013815e+001
 -1.2391635e+002  4.6013700e+001
 -1.2391635e+002  4.6013691e+001
 -1.2391631e+002  4.6013567e+001
 -1.2391628e+002  4.6013443e+001
 -1.2391629e+002  4.6013318e+001
 -1.2391635e+002  4.6013209e+001
 -1.2391637e+002  4.6013194e+001
 -1.2391646e+002  4.6013102e+001
 -1.2391649e+002  4.6013070e+001
 -1.2391658e+002  4.6012990e+001
 -1.2391662e+002  4.6012946e+001
 -1.2391669e+002  4.6012883e+001
 -1.2391673e+002  4.6012821e+001
 -1.2391677e+002  4.6012697e+001
 -1.2391680e+002  4.6012622e+001
 -1.2391681e+002  4.6012573e+001
 -1.2391684e+002  4.6012449e+001
 -1.2391690e+002  4.6012325e+001
 -1.2391691e+002  4.6012312e+001
 -1.2391697e+002  4.6012200e+001
 -1.2391701e+002  4.6012076e+001
 -1.2391702e+002  4.6012038e+001
 -1.2391705e+002  4.6011952e+001
 -1.2391708e+002  4.6011828e+001
 -1.2391710e+002  4.6011704e+001
 -1.2391711e+002  4.6011579e+001
 -1.2391712e+002  4.6011455e+001
 -1.2391713e+002  4.6011420e+001
 -1.2391715e+002  4.6011331e+001
 -1.2391716e+002  4.6011207e+001
 -1.2391720e+002  4.6011083e+001
 -1.2391722e+002  4.6010958e+001
 -1.2391724e+002  4.6010894e+001
 -1.2391726e+002  4.6010834e+001
 -1.2391728e+002  4.6010710e+001
 -1.2391730e+002  4.6010586e+001
 -1.2391732e+002  4.6010461e+001
 -1.2391734e+002  4.6010337e+001
 -1.2391735e+002  4.6010289e+001
 -1.2391738e+002  4.6010213e+001
 -1.2391745e+002  4.6010089e+001
 -1.2391747e+002  4.6010072e+001
 -1.2391752e+002  4.6009965e+001
 -1.2391756e+002  4.6009840e+001
 -1.2391758e+002  4.6009767e+001
 -1.2391759e+002  4.6009716e+001
 -1.2391764e+002  4.6009592e+001
 -1.2391769e+002  4.6009470e+001
 -1.2391769e+002  4.6009468e+001
 -1.2391770e+002  4.6009344e+001
 -1.2391771e+002  4.6009219e+001
 -1.2391770e+002  4.6009095e+001
 -1.2391770e+002  4.6008971e+001
 -1.2391772e+002  4.6008847e+001
 -1.2391773e+002  4.6008723e+001
 -1.2391776e+002  4.6008598e+001
 -1.2391780e+002  4.6008533e+001
 -1.2391783e+002  4.6008474e+001
 -1.2391790e+002  4.6008350e+001
 -1.2391791e+002  4.6008327e+001
 -1.2391794e+002  4.6008226e+001
 -1.2391797e+002  4.6008102e+001
 -1.2391800e+002  4.6007977e+001
 -1.2391802e+002  4.6007891e+001
 -1.2391803e+002  4.6007853e+001
 -1.2391807e+002  4.6007729e+001
 -1.2391811e+002  4.6007605e+001
 -1.2391813e+002  4.6007541e+001
 -1.2391815e+002  4.6007480e+001
 -1.2391820e+002  4.6007356e+001
 -1.2391824e+002  4.6007257e+001
 -1.2391826e+002  4.6007232e+001
 -1.2391832e+002  4.6007108e+001
 -1.2391836e+002  4.6007043e+001
 -1.2391838e+002  4.6006984e+001
 -1.2391840e+002  4.6006859e+001
 -1.2391843e+002  4.6006735e+001
 -1.2391845e+002  4.6006611e+001
 -1.2391846e+002  4.6006487e+001
 -1.2391847e+002  4.6006431e+001
 -1.2391847e+002  4.6006363e+001
 -1.2391851e+002  4.6006238e+001
 -1.2391856e+002  4.6006114e+001
 -1.2391858e+002  4.6006091e+001
 -1.2391865e+002  4.6005990e+001
 -1.2391869e+002  4.6005895e+001
 -1.2391870e+002  4.6005866e+001
 -1.2391872e+002  4.6005742e+001
 -1.2391873e+002  4.6005617e+001
 -1.2391874e+002  4.6005493e+001
 -1.2391878e+002  4.6005369e+001
 -1.2391880e+002  4.6005322e+001
 -1.2391885e+002  4.6005245e+001
 -1.2391891e+002  4.6005183e+001
 -1.2391896e+002  4.6005121e+001
 -1.2391902e+002  4.6004996e+001
 -1.2391902e+002  4.6004993e+001
 -1.2391907e+002  4.6004872e+001
 -1.2391913e+002  4.6004767e+001
 -1.2391915e+002  4.6004748e+001
 -1.2391925e+002  4.6004660e+001
 -1.2391928e+002  4.6004624e+001
 -1.2391936e+002  4.6004539e+001
 -1.2391939e+002  4.6004499e+001
 -1.2391947e+002  4.6004403e+001
 -1.2391949e+002  4.6004375e+001
 -1.2391956e+002  4.6004251e+001
 -1.2391958e+002  4.6004199e+001
 -1.2391960e+002  4.6004127e+001
 -1.2391969e+002  4.6004029e+001
 -1.2391974e+002  4.6004003e+001
 -1.2391980e+002  4.6003966e+001
 -1.2391989e+002  4.6003878e+001
 -1.2391991e+002  4.6003858e+001
 -1.2392002e+002  4.6003771e+001
 -1.2392005e+002  4.6003754e+001
 -1.2392013e+002  4.6003672e+001
 -1.2392016e+002  4.6003630e+001
 -1.2392020e+002  4.6003506e+001
 -1.2392023e+002  4.6003382e+001
 -1.2392025e+002  4.6003360e+001
 -1.2392035e+002  4.6003257e+001
 -1.2392036e+002  4.6003253e+001
 -1.2392044e+002  4.6003133e+001
 -1.2392047e+002  4.6003059e+001
 -1.2392049e+002  4.6003009e+001
 -1.2392058e+002  4.6002912e+001
 -1.2392062e+002  4.6002885e+001
 -1.2392069e+002  4.6002812e+001
 -1.2392072e+002  4.6002761e+001
 -1.2392075e+002  4.6002636e+001
 -1.2392077e+002  4.6002512e+001
 -1.2392080e+002  4.6002472e+001
 -1.2392091e+002  4.6002431e+001
 -1.2392100e+002  4.6002388e+001
 -1.2392102e+002  4.6002360e+001
 -1.2392109e+002  4.6002264e+001
 -1.2392114e+002  4.6002205e+001
 -1.2392125e+002  4.6002143e+001
 -1.2392125e+002  4.6002139e+001
 -1.2392136e+002  4.6002015e+001
 -1.2392136e+002  4.6002010e+001
 -1.2392145e+002  4.6001891e+001
 -1.2392147e+002  4.6001880e+001
 -1.2392152e+002  4.6001891e+001
 -1.2392158e+002  4.6001916e+001
 -1.2392169e+002  4.6001998e+001
 -1.2392174e+002  4.6002015e+001
 -1.2392180e+002  4.6002055e+001
 -1.2392191e+002  4.6002110e+001
 -1.2392201e+002  4.6002139e+001
 -1.2392203e+002  4.6002147e+001
 -1.2392214e+002  4.6002166e+001
 -1.2392225e+002  4.6002182e+001
 -1.2392236e+002  4.6002215e+001
 -1.2392247e+002  4.6002264e+001
 -1.2392247e+002  4.6002265e+001
 -1.2392249e+002  4.6002264e+001
 -1.2392258e+002  4.6002255e+001
 -1.2392269e+002  4.6002240e+001
 -1.2392280e+002  4.6002239e+001
 -1.2392291e+002  4.6002264e+001
 -1.2392292e+002  4.6002264e+001
 -1.2392303e+002  4.6002265e+001
 -1.2392303e+002  4.6002264e+001
 -1.2392309e+002  4.6002139e+001
 -1.2392314e+002  4.6002078e+001
 -1.2392321e+002  4.6002015e+001
 -1.2392325e+002  4.6001990e+001
 -1.2392336e+002  4.6001961e+001
 -1.2392343e+002  4.6002015e+001
 -1.2392347e+002  4.6002072e+001
 -1.2392348e+002  4.6002139e+001
 -1.2392349e+002  4.6002264e+001
 -1.2392347e+002  4.6002332e+001
 -1.2392345e+002  4.6002388e+001
 -1.2392343e+002  4.6002512e+001
 -1.2392342e+002  4.6002636e+001
 -1.2392343e+002  4.6002761e+001
 -1.2392342e+002  4.6002885e+001
 -1.2392342e+002  4.6003009e+001
 -1.2392341e+002  4.6003133e+001
 -1.2392339e+002  4.6003257e+001
 -1.2392339e+002  4.6003382e+001
 -1.2392337e+002  4.6003506e+001
 -1.2392336e+002  4.6003533e+001
 -1.2392334e+002  4.6003630e+001
 -1.2392330e+002  4.6003754e+001
 -1.2392325e+002  4.6003828e+001
 -1.2392322e+002  4.6003878e+001
 -1.2392314e+002  4.6003975e+001
 -1.2392311e+002  4.6004003e+001
 -1.2392303e+002  4.6004081e+001
 -1.2392299e+002  4.6004127e+001
 -1.2392294e+002  4.6004251e+001
 -1.2392292e+002  4.6004296e+001
 -1.2392287e+002  4.6004375e+001
 -1.2392283e+002  4.6004499e+001
 -1.2392280e+002  4.6004547e+001
 -1.2392277e+002  4.6004624e+001
 -1.2392274e+002  4.6004748e+001
 -1.2392275e+002  4.6004872e+001
 -1.2392276e+002  4.6004996e+001
 -1.2392279e+002  4.6005121e+001
 -1.2392280e+002  4.6005168e+001
 -1.2392282e+002  4.6005245e+001
 -1.2392284e+002  4.6005369e+001
 -1.2392284e+002  4.6005493e+001
 -1.2392287e+002  4.6005617e+001
 -1.2392292e+002  4.6005724e+001
 -1.2392293e+002  4.6005742e+001
 -1.2392303e+002  4.6005793e+001
 -1.2392314e+002  4.6005798e+001
 -1.2392325e+002  4.6005779e+001
 -1.2392336e+002  4.6005763e+001
 -1.2392347e+002  4.6005797e+001
 -1.2392358e+002  4.6005866e+001
 -1.2392358e+002  4.6005866e+001
 -1.2392369e+002  4.6005895e+001
 -1.2392378e+002  4.6005990e+001
 -1.2392381e+002  4.6006010e+001
 -1.2392384e+002  4.6006114e+001
 -1.2392386e+002  4.6006238e+001
 -1.2392390e+002  4.6006363e+001
 -1.2392392e+002  4.6006423e+001
 -1.2392392e+002  4.6006487e+001
 -1.2392395e+002  4.6006611e+001
 -1.2392396e+002  4.6006735e+001
 -1.2392398e+002  4.6006859e+001
 -1.2392399e+002  4.6006984e+001
 -1.2392400e+002  4.6007108e+001
 -1.2392401e+002  4.6007232e+001
 -1.2392403e+002  4.6007348e+001
 -1.2392403e+002  4.6007356e+001
 -1.2392408e+002  4.6007480e+001
 -1.2392412e+002  4.6007605e+001
 -1.2392414e+002  4.6007666e+001
 -1.2392425e+002  4.6007729e+001
 -1.2392436e+002  4.6007682e+001
 -1.2392447e+002  4.6007625e+001
 -1.2392450e+002  4.6007605e+001
 -1.2392458e+002  4.6007554e+001
 -1.2392470e+002  4.6007488e+001
 -1.2392471e+002  4.6007480e+001
 -1.2392481e+002  4.6007428e+001
 -1.2392492e+002  4.6007387e+001
 -1.2392498e+002  4.6007356e+001
 -1.2392503e+002  4.6007333e+001
 -1.2392514e+002  4.6007241e+001
 -1.2392515e+002  4.6007232e+001
 -1.2392525e+002  4.6007158e+001
 -1.2392536e+002  4.6007122e+001
 -1.2392541e+002  4.6007108e+001
 -1.2392547e+002  4.6007083e+001
 -1.2392558e+002  4.6007020e+001
 -1.2392562e+002  4.6006984e+001
 -1.2392568e+002  4.6006859e+001
 -1.2392570e+002  4.6006816e+001
 -1.2392572e+002  4.6006735e+001
 -1.2392576e+002  4.6006611e+001
 -1.2392581e+002  4.6006499e+001
 -1.2392581e+002  4.6006487e+001
 -1.2392589e+002  4.6006363e+001
 -1.2392592e+002  4.6006327e+001
 -1.2392598e+002  4.6006238e+001
 -1.2392603e+002  4.6006165e+001
 -1.2392605e+002  4.6006114e+001
 -1.2392608e+002  4.6005990e+001
 -1.2392613e+002  4.6005866e+001
 -1.2392614e+002  4.6005790e+001
 -1.2392615e+002  4.6005742e+001
 -1.2392616e+002  4.6005617e+001
 -1.2392617e+002  4.6005493e+001
 -1.2392615e+002  4.6005369e+001
 -1.2392614e+002  4.6005330e+001
 -1.2392610e+002  4.6005245e+001
 -1.2392604e+002  4.6005121e+001
 -1.2392603e+002  4.6005082e+001
 -1.2392595e+002  4.6004996e+001
 -1.2392592e+002  4.6004945e+001
 -1.2392581e+002  4.6004889e+001
 -1.2392570e+002  4.6004874e+001
 -1.2392566e+002  4.6004872e+001
 -1.2392558e+002  4.6004868e+001
 -1.2392547e+002  4.6004851e+001
 -1.2392536e+002  4.6004842e+001
 -1.2392525e+002  4.6004842e+001
 -1.2392514e+002  4.6004855e+001
 -1.2392503e+002  4.6004870e+001
 -1.2392501e+002  4.6004872e+001
 -1.2392492e+002  4.6004881e+001
 -1.2392481e+002  4.6004887e+001
 -1.2392470e+002  4.6004881e+001
 -1.2392466e+002  4.6004872e+001
 -1.2392458e+002  4.6004838e+001
 -1.2392447e+002  4.6004768e+001
 -1.2392445e+002  4.6004748e+001
 -1.2392440e+002  4.6004624e+001
 -1.2392437e+002  4.6004499e+001
 -1.2392441e+002  4.6004375e+001
 -1.2392446e+002  4.6004251e+001
 -1.2392447e+002  4.6004225e+001
 -1.2392449e+002  4.6004127e+001
 -1.2392448e+002  4.6004003e+001
 -1.2392447e+002  4.6003928e+001
 -1.2392447e+002  4.6003878e+001
 -1.2392447e+002  4.6003868e+001
 -1.2392453e+002  4.6003754e+001
 -1.2392458e+002  4.6003676e+001
 -1.2392462e+002  4.6003630e+001
 -1.2392468e+002  4.6003506e+001
 -1.2392470e+002  4.6003469e+001
 -1.2392476e+002  4.6003382e+001
 -1.2392481e+002  4.6003347e+001
 -1.2392490e+002  4.6003257e+001
 -1.2392492e+002  4.6003234e+001
 -1.2392497e+002  4.6003133e+001
 -1.2392503e+002  4.6003045e+001
 -1.2392505e+002  4.6003009e+001
 -1.2392514e+002  4.6002890e+001
 -1.2392514e+002  4.6002885e+001
 -1.2392521e+002  4.6002761e+001
 -1.2392525e+002  4.6002715e+001
 -1.2392535e+002  4.6002636e+001
 -1.2392536e+002  4.6002628e+001
 -1.2392547e+002  4.6002530e+001
 -1.2392551e+002  4.6002512e+001
 -1.2392558e+002  4.6002481e+001
 -1.2392563e+002  4.6002512e+001
 -1.2392570e+002  4.6002594e+001
 -1.2392573e+002  4.6002636e+001
 -1.2392581e+002  4.6002741e+001
 -1.2392582e+002  4.6002761e+001
 -1.2392587e+002  4.6002885e+001
 -1.2392588e+002  4.6003009e+001
 -1.2392587e+002  4.6003133e+001
 -1.2392584e+002  4.6003257e+001
 -1.2392581e+002  4.6003334e+001
 -1.2392580e+002  4.6003382e+001
 -1.2392580e+002  4.6003506e+001
 -1.2392579e+002  4.6003630e+001
 -1.2392580e+002  4.6003754e+001
 -1.2392580e+002  4.6003878e+001
 -1.2392581e+002  4.6003889e+001
 -1.2392588e+002  4.6004003e+001
 -1.2392592e+002  4.6004066e+001
 -1.2392603e+002  4.6004064e+001
 -1.2392606e+002  4.6004003e+001
 -1.2392613e+002  4.6003878e+001
 -1.2392614e+002  4.6003869e+001
 -1.2392622e+002  4.6003754e+001
 -1.2392625e+002  4.6003717e+001
 -1.2392632e+002  4.6003630e+001
 -1.2392636e+002  4.6003599e+001
 -1.2392647e+002  4.6003539e+001
 -1.2392651e+002  4.6003506e+001
 -1.2392659e+002  4.6003446e+001
 -1.2392664e+002  4.6003382e+001
 -1.2392670e+002  4.6003313e+001
 -1.2392673e+002  4.6003257e+001
 -1.2392681e+002  4.6003135e+001
 -1.2392681e+002  4.6003133e+001
 -1.2392686e+002  4.6003009e+001
 -1.2392692e+002  4.6002942e+001
 -1.2392701e+002  4.6002885e+001
 -1.2392703e+002  4.6002872e+001
 -1.2392714e+002  4.6002785e+001
 -1.2392716e+002  4.6002761e+001
 -1.2392725e+002  4.6002650e+001
 -1.2392726e+002  4.6002636e+001
 -1.2392733e+002  4.6002512e+001
 -1.2392736e+002  4.6002429e+001
 -1.2392738e+002  4.6002388e+001
 -1.2392741e+002  4.6002264e+001
 -1.2392742e+002  4.6002139e+001
 -1.2392742e+002  4.6002015e+001
 -1.2392741e+002  4.6001891e+001
 -1.2392741e+002  4.6001767e+001
 -1.2392741e+002  4.6001643e+001
 -1.2392741e+002  4.6001518e+001
 -1.2392741e+002  4.6001394e+001
 -1.2392741e+002  4.6001270e+001
 -1.2392740e+002  4.6001146e+001
 -1.2392739e+002  4.6001022e+001
 -1.2392739e+002  4.6000897e+001
 -1.2392739e+002  4.6000773e+001
 -1.2392739e+002  4.6000649e+001
 -1.2392739e+002  4.6000525e+001
 -1.2392740e+002  4.6000401e+001
 -1.2392741e+002  4.6000276e+001
 -1.2392742e+002  4.6000152e+001
 -1.2392745e+002  4.6000028e+001
 -1.2392748e+002  4.5999987e+001
 -1.2392754e+002  4.5999904e+001
 -1.2392759e+002  4.5999840e+001
 -1.2392763e+002  4.5999780e+001
 -1.2392768e+002  4.5999655e+001
 -1.2392770e+002  4.5999588e+001
 -1.2392771e+002  4.5999531e+001
 -1.2392775e+002  4.5999407e+001
 -1.2392778e+002  4.5999283e+001
 -1.2392781e+002  4.5999214e+001
 -1.2392783e+002  4.5999158e+001
 -1.2392792e+002  4.5999034e+001
 -1.2392792e+002  4.5999032e+001
 -1.2392803e+002  4.5998911e+001
 -1.2392804e+002  4.5998910e+001
 -1.2392814e+002  4.5998885e+001
 -1.2392822e+002  4.5998786e+001
 -1.2392825e+002  4.5998728e+001
 -1.2392827e+002  4.5998662e+001
 -1.2392828e+002  4.5998537e+001
 -1.2392830e+002  4.5998413e+001
 -1.2392835e+002  4.5998289e+001
 -1.2392837e+002  4.5998249e+001
 -1.2392839e+002  4.5998165e+001
 -1.2392845e+002  4.5998041e+001
 -1.2392848e+002  4.5997998e+001
 -1.2392852e+002  4.5997916e+001
 -1.2392859e+002  4.5997793e+001
 -1.2392859e+002  4.5997792e+001
 -1.2392863e+002  4.5997668e+001
 -1.2392866e+002  4.5997544e+001
 -1.2392870e+002  4.5997474e+001
 -1.2392871e+002  4.5997420e+001
 -1.2392874e+002  4.5997295e+001
 -1.2392881e+002  4.5997171e+001
 -1.2392881e+002  4.5997171e+001
 -1.2392884e+002  4.5997047e+001
 -1.2392887e+002  4.5996923e+001
 -1.2392886e+002  4.5996799e+001
 -1.2392883e+002  4.5996674e+001
 -1.2392881e+002  4.5996614e+001
 -1.2392877e+002  4.5996550e+001
 -1.2392870e+002  4.5996474e+001
 -1.2392862e+002  4.5996426e+001
 -1.2392859e+002  4.5996378e+001
 -1.2392856e+002  4.5996302e+001
 -1.2392852e+002  4.5996177e+001
 -1.2392849e+002  4.5996053e+001
 -1.2392851e+002  4.5995929e+001
 -1.2392857e+002  4.5995805e+001
 -1.2392859e+002  4.5995788e+001
 -1.2392870e+002  4.5995764e+001
 -1.2392881e+002  4.5995752e+001
 -1.2392892e+002  4.5995686e+001
 -1.2392893e+002  4.5995681e+001
 -1.2392903e+002  4.5995571e+001
 -1.2392905e+002  4.5995556e+001
 -1.2392914e+002  4.5995473e+001
 -1.2392919e+002  4.5995432e+001
 -1.2392926e+002  4.5995387e+001
 -1.2392931e+002  4.5995308e+001
 -1.2392937e+002  4.5995248e+001
 -1.2392939e+002  4.5995184e+001
 -1.2392945e+002  4.5995060e+001
 -1.2392945e+002  4.5994935e+001
 -1.2392946e+002  4.5994811e+001
 -1.2392948e+002  4.5994687e+001
 -1.2392946e+002  4.5994563e+001
 -1.2392947e+002  4.5994439e+001
 -1.2392948e+002  4.5994377e+001
 -1.2392949e+002  4.5994314e+001
 -1.2392952e+002  4.5994190e+001
 -1.2392956e+002  4.5994066e+001
 -1.2392959e+002  4.5993987e+001
 -1.2392960e+002  4.5993942e+001
 -1.2392964e+002  4.5993817e+001
 -1.2392965e+002  4.5993693e+001
 -1.2392967e+002  4.5993569e+001
 -1.2392970e+002  4.5993513e+001
 -1.2392974e+002  4.5993445e+001
 -1.2392981e+002  4.5993333e+001
 -1.2392982e+002  4.5993321e+001
 -1.2392988e+002  4.5993196e+001
 -1.2392992e+002  4.5993121e+001
 -1.2392994e+002  4.5993072e+001
 -1.2392997e+002  4.5992948e+001
 -1.2392999e+002  4.5992824e+001
 -1.2392997e+002  4.5992700e+001
 -1.2392996e+002  4.5992575e+001
 -1.2392997e+002  4.5992451e+001
 -1.2392996e+002  4.5992327e+001
 -1.2392995e+002  4.5992203e+001
 -1.2392993e+002  4.5992079e+001
 -1.2392992e+002  4.5992039e+001
 -1.2392989e+002  4.5991954e+001
 -1.2392981e+002  4.5991852e+001
 -1.2392978e+002  4.5991830e+001
 -1.2392970e+002  4.5991797e+001
 -1.2392959e+002  4.5991769e+001
 -1.2392948e+002  4.5991759e+001
 -1.2392937e+002  4.5991764e+001
 -1.2392926e+002  4.5991776e+001
 -1.2392914e+002  4.5991799e+001
 -1.2392906e+002  4.5991830e+001
 -1.2392903e+002  4.5991841e+001
 -1.2392892e+002  4.5991868e+001
 -1.2392881e+002  4.5991870e+001
 -1.2392870e+002  4.5991852e+001
 -1.2392866e+002  4.5991830e+001
 -1.2392859e+002  4.5991743e+001
 -1.2392858e+002  4.5991706e+001
 -1.2392859e+002  4.5991631e+001
 -1.2392860e+002  4.5991582e+001
 -1.2392865e+002  4.5991458e+001
 -1.2392870e+002  4.5991365e+001
 -1.2392872e+002  4.5991333e+001
 -1.2392881e+002  4.5991223e+001
 -1.2392882e+002  4.5991209e+001
 -1.2392891e+002  4.5991085e+001
 -1.2392892e+002  4.5991066e+001
 -1.2392898e+002  4.5990961e+001
 -1.2392903e+002  4.5990836e+001
 -1.2392903e+002  4.5990821e+001
 -1.2392907e+002  4.5990712e+001
 -1.2392911e+002  4.5990588e+001
 -1.2392914e+002  4.5990484e+001
 -1.2392915e+002  4.5990464e+001
 -1.2392919e+002  4.5990340e+001
 -1.2392924e+002  4.5990215e+001
 -1.2392926e+002  4.5990175e+001
 -1.2392930e+002  4.5990091e+001
 -1.2392937e+002  4.5989967e+001
 -1.2392937e+002  4.5989965e+001
 -1.2392943e+002  4.5989843e+001
 -1.2392948e+002  4.5989755e+001
 -1.2392949e+002  4.5989719e+001
 -1.2392955e+002  4.5989594e+001
 -1.2392959e+002  4.5989475e+001
 -1.2392959e+002  4.5989470e+001
 -1.2392964e+002  4.5989346e+001
 -1.2392968e+002  4.5989222e+001
 -1.2392970e+002  4.5989140e+001
 -1.2392971e+002  4.5989098e+001
 -1.2392974e+002  4.5988973e+001
 -1.2392977e+002  4.5988849e+001
 -1.2392981e+002  4.5988737e+001
 -1.2392982e+002  4.5988725e+001
 -1.2392989e+002  4.5988601e+001
 -1.2392992e+002  4.5988563e+001
 -1.2392999e+002  4.5988477e+001
 -1.2393003e+002  4.5988421e+001
 -1.2393007e+002  4.5988352e+001
 -1.2393012e+002  4.5988228e+001
 -1.2393015e+002  4.5988157e+001
 -1.2393018e+002  4.5988104e+001
 -1.2393022e+002  4.5987980e+001
 -1.2393023e+002  4.5987855e+001
 -1.2393022e+002  4.5987731e+001
 -1.2393021e+002  4.5987607e+001
 -1.2393020e+002  4.5987483e+001
 -1.2393020e+002  4.5987359e+001
 -1.2393021e+002  4.5987234e+001
 -1.2393024e+002  4.5987110e+001
 -1.2393026e+002  4.5987061e+001
 -1.2393028e+002  4.5986986e+001
 -1.2393032e+002  4.5986862e+001
 -1.2393036e+002  4.5986738e+001
 -1.2393037e+002  4.5986710e+001
 -1.2393042e+002  4.5986613e+001
 -1.2393048e+002  4.5986503e+001
 -1.2393048e+002  4.5986489e+001
 -1.2393055e+002  4.5986365e+001
 -1.2393059e+002  4.5986311e+001
 -1.2393063e+002  4.5986241e+001
 -1.2393070e+002  4.5986172e+001
 -1.2393078e+002  4.5986117e+001
 -1.2393081e+002  4.5986095e+001
 -1.2393092e+002  4.5986034e+001
 -1.2393101e+002  4.5985992e+001
 -1.2393103e+002  4.5985980e+001
 -1.2393115e+002  4.5985909e+001
 -1.2393118e+002  4.5985868e+001
 -1.2393122e+002  4.5985744e+001
 -1.2393126e+002  4.5985636e+001
 -1.2393126e+002  4.5985620e+001
 -1.2393129e+002  4.5985495e+001
 -1.2393133e+002  4.5985371e+001
 -1.2393137e+002  4.5985255e+001
 -1.2393137e+002  4.5985247e+001
 -1.2393145e+002  4.5985123e+001
 -1.2393148e+002  4.5985081e+001
 -1.2393153e+002  4.5984999e+001
 -1.2393159e+002  4.5984931e+001
 -1.2393163e+002  4.5984874e+001
 -1.2393170e+002  4.5984785e+001
 -1.2393172e+002  4.5984750e+001
 -1.2393175e+002  4.5984626e+001
 -1.2393178e+002  4.5984502e+001
 -1.2393179e+002  4.5984378e+001
 -1.2393179e+002  4.5984253e+001
 -1.2393179e+002  4.5984129e+001
 -1.2393178e+002  4.5984005e+001
 -1.2393177e+002  4.5983881e+001
 -1.2393176e+002  4.5983757e+001
 -1.2393177e+002  4.5983632e+001
 -1.2393179e+002  4.5983508e+001
 -1.2393181e+002  4.5983411e+001
 -1.2393182e+002  4.5983384e+001
 -1.2393186e+002  4.5983260e+001
 -1.2393192e+002  4.5983136e+001
 -1.2393192e+002  4.5983121e+001
 -1.2393204e+002  4.5983019e+001
 -1.2393205e+002  4.5983011e+001
 -1.2393215e+002  4.5982974e+001
 -1.2393226e+002  4.5982945e+001
 -1.2393237e+002  4.5982937e+001
 -1.2393248e+002  4.5982930e+001
 -1.2393259e+002  4.5982914e+001
 -1.2393267e+002  4.5982887e+001
 -1.2393270e+002  4.5982875e+001
 -1.2393281e+002  4.5982782e+001
 -1.2393283e+002  4.5982763e+001
 -1.2393287e+002  4.5982639e+001
 -1.2393289e+002  4.5982514e+001
 -1.2393290e+002  4.5982390e+001
 -1.2393288e+002  4.5982266e+001
 -1.2393287e+002  4.5982142e+001
 -1.2393283e+002  4.5982018e+001
 -1.2393281e+002  4.5982001e+001
 -1.2393273e+002  4.5981893e+001
 -1.2393270e+002  4.5981868e+001
 -1.2393259e+002  4.5981769e+001
 -1.2393259e+002  4.5981769e+001
 -1.2393248e+002  4.5981670e+001
 -1.2393246e+002  4.5981645e+001
 -1.2393240e+002  4.5981521e+001
 -1.2393239e+002  4.5981397e+001
 -1.2393240e+002  4.5981272e+001
 -1.2393242e+002  4.5981148e+001
 -1.2393245e+002  4.5981024e+001
 -1.2393248e+002  4.5980938e+001
 -1.2393250e+002  4.5980900e+001
 -1.2393258e+002  4.5980776e+001
 -1.2393259e+002  4.5980760e+001
 -1.2393270e+002  4.5980668e+001
 -1.2393274e+002  4.5980651e+001
 -1.2393281e+002  4.5980625e+001
 -1.2393293e+002  4.5980640e+001
 -1.2393296e+002  4.5980651e+001
 -1.2393304e+002  4.5980693e+001
 -1.2393315e+002  4.5980734e+001
 -1.2393326e+002  4.5980747e+001
 -1.2393337e+002  4.5980723e+001
 -1.2393348e+002  4.5980656e+001
 -1.2393349e+002  4.5980651e+001
 -1.2393359e+002  4.5980560e+001
 -1.2393364e+002  4.5980527e+001
 -1.2393370e+002  4.5980480e+001
 -1.2393378e+002  4.5980403e+001
 -1.2393382e+002  4.5980364e+001
 -1.2393386e+002  4.5980279e+001
 -1.2393390e+002  4.5980155e+001
 -1.2393392e+002  4.5980030e+001
 -1.2393388e+002  4.5979906e+001
 -1.2393382e+002  4.5979785e+001
 -1.2393381e+002  4.5979782e+001
 -1.2393370e+002  4.5979705e+001
 -1.2393359e+002  4.5979664e+001
 -1.2393355e+002  4.5979658e+001
 -1.2393348e+002  4.5979648e+001
 -1.2393337e+002  4.5979641e+001
 -1.2393326e+002  4.5979622e+001
 -1.2393315e+002  4.5979576e+001
 -1.2393310e+002  4.5979533e+001
 -1.2393304e+002  4.5979476e+001
 -1.2393300e+002  4.5979409e+001
 -1.2393297e+002  4.5979285e+001
 -1.2393296e+002  4.5979161e+001
 -1.2393297e+002  4.5979037e+001
 -1.2393301e+002  4.5978912e+001
 -1.2393304e+002  4.5978852e+001
 -1.2393307e+002  4.5978788e+001
 -1.2393314e+002  4.5978664e+001
 -1.2393315e+002  4.5978656e+001
 -1.2393320e+002  4.5978540e+001
 -1.2393325e+002  4.5978416e+001
 -1.2393326e+002  4.5978384e+001
 -1.2393329e+002  4.5978291e+001
 -1.2393333e+002  4.5978167e+001
 -1.2393336e+002  4.5978043e+001
 -1.2393333e+002  4.5977919e+001
 -1.2393326e+002  4.5977836e+001
 -1.2393319e+002  4.5977795e+001
 -1.2393315e+002  4.5977774e+001
 -1.2393304e+002  4.5977715e+001
 -1.2393298e+002  4.5977670e+001
 -1.2393293e+002  4.5977633e+001
 -1.2393281e+002  4.5977585e+001
 -1.2393270e+002  4.5977579e+001
 -1.2393259e+002  4.5977577e+001
 -1.2393248e+002  4.5977565e+001
 -1.2393243e+002  4.5977546e+001
 -1.2393237e+002  4.5977510e+001
 -1.2393226e+002  4.5977429e+001
 -1.2393225e+002  4.5977422e+001
 -1.2393215e+002  4.5977311e+001
 -1.2393213e+002  4.5977298e+001
 -1.2393204e+002  4.5977201e+001
 -1.2393200e+002  4.5977173e+001
 -1.2393192e+002  4.5977070e+001
 -1.2393191e+002  4.5977049e+001
 -1.2393186e+002  4.5976925e+001
 -1.2393186e+002  4.5976801e+001
 -1.2393186e+002  4.5976677e+001
 -1.2393181e+002  4.5976587e+001
 -1.2393179e+002  4.5976552e+001
 -1.2393170e+002  4.5976443e+001
 -1.2393168e+002  4.5976428e+001
 -1.2393165e+002  4.5976304e+001
 -1.2393167e+002  4.5976180e+001
 -1.2393170e+002  4.5976056e+001
 -1.2393160e+002  4.5975931e+001
 -1.2393159e+002  4.5975919e+001
 -1.2393149e+002  4.5975807e+001
 -1.2393148e+002  4.5975771e+001
 -1.2393146e+002  4.5975683e+001
 -1.2393144e+002  4.5975559e+001
 -1.2393137e+002  4.5975435e+001
 -1.2393137e+002  4.5975433e+001
 -1.2393127e+002  4.5975310e+001
 -1.2393126e+002  4.5975229e+001
 -1.2393125e+002  4.5975186e+001
 -1.2393124e+002  4.5975062e+001
 -1.2393123e+002  4.5974938e+001
 -1.2393116e+002  4.5974814e+001
 -1.2393115e+002  4.5974796e+001
 -1.2393109e+002  4.5974689e+001
 -1.2393115e+002  4.5974572e+001
 -1.2393115e+002  4.5974565e+001
 -1.2393121e+002  4.5974441e+001
 -1.2393125e+002  4.5974317e+001
 -1.2393126e+002  4.5974294e+001
 -1.2393129e+002  4.5974192e+001
 -1.2393133e+002  4.5974068e+001
 -1.2393137e+002  4.5973944e+001
 -1.2393137e+002  4.5973940e+001
 -1.2393141e+002  4.5973820e+001
 -1.2393145e+002  4.5973696e+001
 -1.2393148e+002  4.5973628e+001
 -1.2393151e+002  4.5973571e+001
 -1.2393158e+002  4.5973447e+001
 -1.2393159e+002  4.5973426e+001
 -1.2393165e+002  4.5973323e+001
 -1.2393170e+002  4.5973240e+001
 -1.2393173e+002  4.5973199e+001
 -1.2393180e+002  4.5973075e+001
 -1.2393181e+002  4.5973048e+001
 -1.2393187e+002  4.5972950e+001
 -1.2393192e+002  4.5972861e+001
 -1.2393197e+002  4.5972826e+001
 -1.2393204e+002  4.5972780e+001
 -1.2393215e+002  4.5972705e+001
 -1.2393215e+002  4.5972702e+001
 -1.2393225e+002  4.5972578e+001
 -1.2393226e+002  4.5972568e+001
 -1.2393237e+002  4.5972489e+001
 -1.2393242e+002  4.5972454e+001
 -1.2393248e+002  4.5972436e+001
 -1.2393259e+002  4.5972418e+001
 -1.2393270e+002  4.5972391e+001
 -1.2393281e+002  4.5972352e+001
 -1.2393286e+002  4.5972329e+001
 -1.2393293e+002  4.5972302e+001
 -1.2393304e+002  4.5972250e+001
 -1.2393315e+002  4.5972218e+001
 -1.2393322e+002  4.5972205e+001
 -1.2393326e+002  4.5972199e+001
 -1.2393337e+002  4.5972188e+001
 -1.2393348e+002  4.5972187e+001
 -1.2393359e+002  4.5972191e+001
 -1.2393370e+002  4.5972199e+001
 -1.2393375e+002  4.5972205e+001
 -1.2393382e+002  4.5972214e+001
 -1.2393393e+002  4.5972241e+001
 -1.2393404e+002  4.5972289e+001
 -1.2393413e+002  4.5972329e+001
 -1.2393415e+002  4.5972337e+001
 -1.2393426e+002  4.5972382e+001
 -1.2393437e+002  4.5972418e+001
 -1.2393448e+002  4.5972453e+001
 -1.2393448e+002  4.5972454e+001
 -1.2393457e+002  4.5972578e+001
 -1.2393459e+002  4.5972614e+001
 -1.2393468e+002  4.5972702e+001
 -1.2393471e+002  4.5972717e+001
 -1.2393482e+002  4.5972772e+001
 -1.2393493e+002  4.5972817e+001
 -1.2393495e+002  4.5972826e+001
 -1.2393504e+002  4.5972867e+001
 -1.2393515e+002  4.5972935e+001
 -1.2393518e+002  4.5972950e+001
 -1.2393526e+002  4.5972982e+001
 -1.2393537e+002  4.5973021e+001
 -1.2393548e+002  4.5973062e+001
 -1.2393551e+002  4.5973075e+001
 -1.2393560e+002  4.5973117e+001
 -1.2393571e+002  4.5973195e+001
 -1.2393571e+002  4.5973199e+001
 -1.2393582e+002  4.5973257e+001
 -1.2393593e+002  4.5973308e+001
 -1.2393597e+002  4.5973323e+001
 -1.2393604e+002  4.5973354e+001
 -1.2393615e+002  4.5973405e+001
 -1.2393621e+002  4.5973447e+001
 -1.2393626e+002  4.5973480e+001
 -1.2393637e+002  4.5973554e+001
 -1.2393640e+002  4.5973571e+001
 -1.2393648e+002  4.5973631e+001
 -1.2393658e+002  4.5973696e+001
 -1.2393660e+002  4.5973710e+001
 -1.2393671e+002  4.5973800e+001
 -1.2393673e+002  4.5973820e+001
 -1.2393682e+002  4.5973900e+001
 -1.2393687e+002  4.5973944e+001
 -1.2393693e+002  4.5973986e+001
 -1.2393704e+002  4.5974030e+001
 -1.2393715e+002  4.5974066e+001
 -1.2393716e+002  4.5974068e+001
 -1.2393726e+002  4.5974092e+001
 -1.2393737e+002  4.5974114e+001
 -1.2393749e+002  4.5974136e+001
 -1.2393760e+002  4.5974140e+001
 -1.2393771e+002  4.5974134e+001
 -1.2393782e+002  4.5974119e+001
 -1.2393793e+002  4.5974074e+001
 -1.2393794e+002  4.5974068e+001
 -1.2393804e+002  4.5973944e+001
 -1.2393804e+002  4.5973942e+001
 -1.2393813e+002  4.5973820e+001
 -1.2393815e+002  4.5973793e+001
 -1.2393826e+002  4.5973769e+001
 -1.2393830e+002  4.5973820e+001
 -1.2393838e+002  4.5973898e+001
 -1.2393839e+002  4.5973944e+001
 -1.2393840e+002  4.5974068e+001
 -1.2393845e+002  4.5974192e+001
 -1.2393849e+002  4.5974234e+001
 -1.2393855e+002  4.5974317e+001
 -1.2393860e+002  4.5974362e+001
 -1.2393867e+002  4.5974441e+001
 -1.2393871e+002  4.5974497e+001
 -1.2393877e+002  4.5974565e+001
 -1.2393882e+002  4.5974613e+001
 -1.2393893e+002  4.5974689e+001
 -1.2393893e+002  4.5974692e+001
 -1.2393904e+002  4.5974744e+001
 -1.2393915e+002  4.5974784e+001
 -1.2393927e+002  4.5974796e+001
 -1.2393938e+002  4.5974791e+001
 -1.2393949e+002  4.5974777e+001
 -1.2393960e+002  4.5974769e+001
 -1.2393971e+002  4.5974765e+001
 -1.2393982e+002  4.5974762e+001
 -1.2393993e+002  4.5974767e+001
 -1.2394004e+002  4.5974782e+001
 -1.2394016e+002  4.5974810e+001
 -1.2394017e+002  4.5974814e+001
 -1.2394027e+002  4.5974831e+001
 -1.2394038e+002  4.5974845e+001
 -1.2394049e+002  4.5974853e+001
 -1.2394060e+002  4.5974856e+001
 -1.2394071e+002  4.5974855e+001
 -1.2394082e+002  4.5974852e+001
 -1.2394093e+002  4.5974847e+001
 -1.2394105e+002  4.5974842e+001
 -1.2394116e+002  4.5974834e+001
 -1.2394127e+002  4.5974821e+001
 -1.2394132e+002  4.5974814e+001
 -1.2394138e+002  4.5974805e+001
 -1.2394149e+002  4.5974773e+001
 -1.2394160e+002  4.5974735e+001
 -1.2394171e+002  4.5974691e+001
 -1.2394172e+002  4.5974689e+001
 -1.2394182e+002  4.5974616e+001
 -1.2394191e+002  4.5974565e+001
 -1.2394193e+002  4.5974538e+001
 -1.2394205e+002  4.5974465e+001
 -1.2394212e+002  4.5974441e+001
 -1.2394216e+002  4.5974422e+001
 -1.2394227e+002  4.5974392e+001
 -1.2394238e+002  4.5974375e+001
 -1.2394249e+002  4.5974371e+001
 -1.2394260e+002  4.5974367e+001
 -1.2394271e+002  4.5974380e+001
 -1.2394282e+002  4.5974424e+001
 -1.2394284e+002  4.5974441e+001
 -1.2394294e+002  4.5974530e+001
 -1.2394298e+002  4.5974565e+001
 -1.2394305e+002  4.5974595e+001
 -1.2394316e+002  4.5974621e+001
 -1.2394327e+002  4.5974652e+001
 -1.2394334e+002  4.5974689e+001
 -1.2394338e+002  4.5974700e+001
 -1.2394349e+002  4.5974727e+001
 -1.2394360e+002  4.5974755e+001
 -1.2394371e+002  4.5974757e+001
 -1.2394383e+002  4.5974761e+001
 -1.2394394e+002  4.5974771e+001
 -1.2394405e+002  4.5974780e+001
 -1.2394416e+002  4.5974796e+001
 -1.2394427e+002  4.5974805e+001
 -1.2394433e+002  4.5974814e+001
 -1.2394438e+002  4.5974819e+001
 -1.2394449e+002  4.5974840e+001
 -1.2394460e+002  4.5974872e+001
 -1.2394472e+002  4.5974929e+001
 -1.2394474e+002  4.5974938e+001
 -1.2394483e+002  4.5974955e+001
 -1.2394494e+002  4.5974984e+001
 -1.2394505e+002  4.5975013e+001
 -1.2394516e+002  4.5975023e+001
 -1.2394527e+002  4.5975032e+001
 -1.2394538e+002  4.5975035e+001
 -1.2394549e+002  4.5975043e+001
 -1.2394550e+002  4.5975043e+001
