 -1.2392817e+002  4.6019991e+001
 -1.2392814e+002  4.6019954e+001
 -1.2392808e+002  4.6019901e+001
 -1.2392810e+002  4.6019777e+001
 -1.2392811e+002  4.6019653e+001
 -1.2392811e+002  4.6019529e+001
 -1.2392811e+002  4.6019405e+001
 -1.2392810e+002  4.6019280e+001
 -1.2392809e+002  4.6019156e+001
 -1.2392808e+002  4.6019032e+001
 -1.2392806e+002  4.6018908e+001
 -1.2392806e+002  4.6018783e+001
 -1.2392806e+002  4.6018659e+001
 -1.2392806e+002  4.6018535e+001
 -1.2392805e+002  4.6018411e+001
 -1.2392803e+002  4.6018287e+001
 -1.2392803e+002  4.6018279e+001
 -1.2392801e+002  4.6018162e+001
 -1.2392797e+002  4.6018038e+001
 -1.2392795e+002  4.6017914e+001
 -1.2392793e+002  4.6017790e+001
 -1.2392792e+002  4.6017690e+001
 -1.2392792e+002  4.6017666e+001
 -1.2392790e+002  4.6017541e+001
 -1.2392790e+002  4.6017417e+001
 -1.2392790e+002  4.6017293e+001
 -1.2392789e+002  4.6017169e+001
 -1.2392789e+002  4.6017045e+001
 -1.2392787e+002  4.6016920e+001
 -1.2392784e+002  4.6016796e+001
 -1.2392781e+002  4.6016672e+001
 -1.2392781e+002  4.6016657e+001
 -1.2392775e+002  4.6016548e+001
 -1.2392771e+002  4.6016424e+001
 -1.2392770e+002  4.6016400e+001
 -1.2392766e+002  4.6016299e+001
 -1.2392762e+002  4.6016175e+001
 -1.2392759e+002  4.6016099e+001
 -1.2392757e+002  4.6016051e+001
 -1.2392748e+002  4.6015927e+001
 -1.2392748e+002  4.6015921e+001
 -1.2392739e+002  4.6015802e+001
 -1.2392736e+002  4.6015774e+001
 -1.2392730e+002  4.6015678e+001
 -1.2392725e+002  4.6015606e+001
 -1.2392720e+002  4.6015554e+001
 -1.2392714e+002  4.6015515e+001
 -1.2392703e+002  4.6015430e+001
 -1.2392703e+002  4.6015429e+001
 -1.2392692e+002  4.6015306e+001
 -1.2392692e+002  4.6015306e+001
 -1.2392681e+002  4.6015183e+001
 -1.2392681e+002  4.6015181e+001
 -1.2392670e+002  4.6015057e+001
 -1.2392670e+002  4.6015050e+001
 -1.2392659e+002  4.6014955e+001
 -1.2392655e+002  4.6014933e+001
 -1.2392647e+002  4.6014904e+001
 -1.2392636e+002  4.6014856e+001
 -1.2392630e+002  4.6014809e+001
 -1.2392625e+002  4.6014762e+001
 -1.2392620e+002  4.6014685e+001
 -1.2392614e+002  4.6014621e+001
 -1.2392603e+002  4.6014599e+001
 -1.2392592e+002  4.6014599e+001
 -1.2392581e+002  4.6014583e+001
 -1.2392577e+002  4.6014560e+001
 -1.2392570e+002  4.6014494e+001
 -1.2392566e+002  4.6014436e+001
 -1.2392558e+002  4.6014334e+001
 -1.2392556e+002  4.6014312e+001
 -1.2392547e+002  4.6014232e+001
 -1.2392542e+002  4.6014188e+001
 -1.2392536e+002  4.6014120e+001
 -1.2392525e+002  4.6014118e+001
 -1.2392521e+002  4.6014188e+001
 -1.2392517e+002  4.6014312e+001
 -1.2392514e+002  4.6014413e+001
 -1.2392514e+002  4.6014436e+001
 -1.2392511e+002  4.6014560e+001
 -1.2392508e+002  4.6014685e+001
 -1.2392503e+002  4.6014801e+001
 -1.2392503e+002  4.6014809e+001
 -1.2392499e+002  4.6014933e+001
 -1.2392498e+002  4.6015057e+001
 -1.2392496e+002  4.6015181e+001
 -1.2392495e+002  4.6015306e+001
 -1.2392495e+002  4.6015430e+001
 -1.2392495e+002  4.6015554e+001
 -1.2392493e+002  4.6015678e+001
 -1.2392492e+002  4.6015712e+001
 -1.2392489e+002  4.6015802e+001
 -1.2392481e+002  4.6015927e+001
 -1.2392481e+002  4.6015932e+001
 -1.2392470e+002  4.6016035e+001
 -1.2392468e+002  4.6016051e+001
 -1.2392464e+002  4.6016175e+001
 -1.2392458e+002  4.6016258e+001
 -1.2392454e+002  4.6016299e+001
 -1.2392447e+002  4.6016344e+001
 -1.2392438e+002  4.6016424e+001
 -1.2392436e+002  4.6016447e+001
 -1.2392425e+002  4.6016539e+001
 -1.2392424e+002  4.6016548e+001
 -1.2392414e+002  4.6016596e+001
 -1.2392403e+002  4.6016672e+001
 -1.2392403e+002  4.6016681e+001
 -1.2392392e+002  4.6016786e+001
 -1.2392390e+002  4.6016796e+001
 -1.2392381e+002  4.6016854e+001
 -1.2392369e+002  4.6016890e+001
 -1.2392358e+002  4.6016913e+001
 -1.2392357e+002  4.6016920e+001
 -1.2392347e+002  4.6017040e+001
 -1.2392346e+002  4.6017045e+001
 -1.2392336e+002  4.6017097e+001
 -1.2392325e+002  4.6017134e+001
 -1.2392314e+002  4.6017160e+001
 -1.2392309e+002  4.6017169e+001
 -1.2392303e+002  4.6017199e+001
 -1.2392294e+002  4.6017293e+001
 -1.2392292e+002  4.6017323e+001
 -1.2392280e+002  4.6017402e+001
 -1.2392277e+002  4.6017417e+001
 -1.2392269e+002  4.6017460e+001
 -1.2392258e+002  4.6017502e+001
 -1.2392247e+002  4.6017540e+001
 -1.2392247e+002  4.6017541e+001
 -1.2392236e+002  4.6017656e+001
 -1.2392234e+002  4.6017666e+001
 -1.2392225e+002  4.6017714e+001
 -1.2392214e+002  4.6017773e+001
 -1.2392211e+002  4.6017790e+001
 -1.2392203e+002  4.6017853e+001
 -1.2392193e+002  4.6017914e+001
 -1.2392191e+002  4.6017927e+001
 -1.2392182e+002  4.6018038e+001
 -1.2392180e+002  4.6018061e+001
 -1.2392170e+002  4.6018162e+001
 -1.2392169e+002  4.6018169e+001
 -1.2392158e+002  4.6018266e+001
 -1.2392156e+002  4.6018287e+001
 -1.2392149e+002  4.6018411e+001
 -1.2392147e+002  4.6018451e+001
 -1.2392143e+002  4.6018535e+001
 -1.2392136e+002  4.6018659e+001
 -1.2392136e+002  4.6018665e+001
 -1.2392130e+002  4.6018783e+001
 -1.2392125e+002  4.6018886e+001
 -1.2392124e+002  4.6018908e+001
 -1.2392119e+002  4.6019032e+001
 -1.2392115e+002  4.6019156e+001
 -1.2392114e+002  4.6019209e+001
 -1.2392111e+002  4.6019280e+001
 -1.2392106e+002  4.6019405e+001
 -1.2392103e+002  4.6019529e+001
 -1.2392102e+002  4.6019542e+001
 -1.2392100e+002  4.6019653e+001
 -1.2392099e+002  4.6019777e+001
 -1.2392091e+002  4.6019869e+001
 -1.2392084e+002  4.6019901e+001
 -1.2392080e+002  4.6019908e+001
 -1.2392079e+002  4.6019901e+001
 -1.2392073e+002  4.6019777e+001
 -1.2392069e+002  4.6019657e+001
 -1.2392069e+002  4.6019653e+001
 -1.2392059e+002  4.6019529e+001
 -1.2392058e+002  4.6019523e+001
 -1.2392047e+002  4.6019440e+001
 -1.2392043e+002  4.6019405e+001
 -1.2392036e+002  4.6019363e+001
 -1.2392025e+002  4.6019301e+001
 -1.2392021e+002  4.6019280e+001
 -1.2392013e+002  4.6019251e+001
 -1.2392002e+002  4.6019214e+001
 -1.2391991e+002  4.6019191e+001
 -1.2391980e+002  4.6019171e+001
 -1.2391972e+002  4.6019156e+001
 -1.2391969e+002  4.6019153e+001
 -1.2391958e+002  4.6019146e+001
 -1.2391947e+002  4.6019138e+001
 -1.2391936e+002  4.6019139e+001
 -1.2391925e+002  4.6019139e+001
 -1.2391913e+002  4.6019140e+001
 -1.2391907e+002  4.6019156e+001
 -1.2391902e+002  4.6019172e+001
 -1.2391891e+002  4.6019207e+001
 -1.2391880e+002  4.6019230e+001
 -1.2391869e+002  4.6019253e+001
 -1.2391861e+002  4.6019280e+001
 -1.2391858e+002  4.6019295e+001
 -1.2391847e+002  4.6019394e+001
 -1.2391846e+002  4.6019405e+001
 -1.2391839e+002  4.6019529e+001
 -1.2391836e+002  4.6019652e+001
 -1.2391835e+002  4.6019653e+001
 -1.2391834e+002  4.6019777e+001
 -1.2391832e+002  4.6019901e+001
 -1.2391824e+002  4.6019972e+001
 -1.2391823e+002  4.6019991e+001
 -1.2391219e+002  4.6019991e+001
 -1.2391215e+002  4.6019901e+001
 -1.2391213e+002  4.6019785e+001
 -1.2391212e+002  4.6019777e+001
 -1.2391208e+002  4.6019653e+001
 -1.2391204e+002  4.6019529e+001
 -1.2391202e+002  4.6019470e+001
 -1.2391199e+002  4.6019405e+001
 -1.2391193e+002  4.6019280e+001
 -1.2391190e+002  4.6019236e+001
 -1.2391187e+002  4.6019156e+001
 -1.2391185e+002  4.6019032e+001
 -1.2391182e+002  4.6018908e+001
 -1.2391181e+002  4.6018783e+001
 -1.2391179e+002  4.6018686e+001
 -1.2391179e+002  4.6018659e+001
 -1.2391178e+002  4.6018535e+001
 -1.2391177e+002  4.6018411e+001
 -1.2391177e+002  4.6018287e+001
 -1.2391178e+002  4.6018162e+001
 -1.2391179e+002  4.6018058e+001
 -1.2391180e+002  4.6018038e+001
 -1.2391181e+002  4.6017914e+001
 -1.2391183e+002  4.6017790e+001
 -1.2391186e+002  4.6017666e+001
 -1.2391189e+002  4.6017541e+001
 -1.2391190e+002  4.6017482e+001
 -1.2391192e+002  4.6017417e+001
 -1.2391193e+002  4.6017293e+001
 -1.2391194e+002  4.6017169e+001
 -1.2391196e+002  4.6017045e+001
 -1.2391198e+002  4.6016920e+001
 -1.2391199e+002  4.6016796e+001
 -1.2391200e+002  4.6016672e+001
 -1.2391200e+002  4.6016548e+001
 -1.2391199e+002  4.6016424e+001
 -1.2391197e+002  4.6016299e+001
 -1.2391193e+002  4.6016175e+001
 -1.2391190e+002  4.6016103e+001
 -1.2391189e+002  4.6016051e+001
 -1.2391188e+002  4.6015927e+001
 -1.2391183e+002  4.6015802e+001
 -1.2391179e+002  4.6015740e+001
 -1.2391174e+002  4.6015678e+001
 -1.2391169e+002  4.6015554e+001
 -1.2391168e+002  4.6015540e+001
 -1.2391157e+002  4.6015436e+001
 -1.2391156e+002  4.6015430e+001
 -1.2391146e+002  4.6015317e+001
 -1.2391144e+002  4.6015306e+001
 -1.2391146e+002  4.6015276e+001
 -1.2391149e+002  4.6015181e+001
 -1.2391157e+002  4.6015126e+001
 -1.2391163e+002  4.6015057e+001
 -1.2391168e+002  4.6015019e+001
 -1.2391173e+002  4.6014933e+001
 -1.2391179e+002  4.6014818e+001
 -1.2391180e+002  4.6014809e+001
 -1.2391190e+002  4.6014695e+001
 -1.2391191e+002  4.6014685e+001
 -1.2391192e+002  4.6014560e+001
 -1.2391190e+002  4.6014523e+001
 -1.2391187e+002  4.6014436e+001
 -1.2391179e+002  4.6014355e+001
 -1.2391175e+002  4.6014312e+001
 -1.2391168e+002  4.6014258e+001
 -1.2391157e+002  4.6014222e+001
 -1.2391146e+002  4.6014202e+001
 -1.2391138e+002  4.6014188e+001
 -1.2391135e+002  4.6014184e+001
 -1.2391124e+002  4.6014183e+001
 -1.2391113e+002  4.6014180e+001
 -1.2391101e+002  4.6014174e+001
 -1.2391090e+002  4.6014175e+001
 -1.2391079e+002  4.6014186e+001
 -1.2391078e+002  4.6014188e+001
 -1.2391068e+002  4.6014207e+001
 -1.2391057e+002  4.6014218e+001
 -1.2391047e+002  4.6014188e+001
 -1.2391046e+002  4.6014184e+001
 -1.2391035e+002  4.6014112e+001
 -1.2391028e+002  4.6014064e+001
 -1.2391024e+002  4.6014020e+001
 -1.2391012e+002  4.6013951e+001
 -1.2391009e+002  4.6013939e+001
 -1.2391001e+002  4.6013901e+001
 -1.2390990e+002  4.6013851e+001
 -1.2390983e+002  4.6013815e+001
 -1.2390979e+002  4.6013790e+001
 -1.2390970e+002  4.6013691e+001
 -1.2390968e+002  4.6013673e+001
 -1.2390961e+002  4.6013567e+001
 -1.2390957e+002  4.6013514e+001
 -1.2390953e+002  4.6013443e+001
 -1.2390947e+002  4.6013318e+001
 -1.2390946e+002  4.6013294e+001
 -1.2390942e+002  4.6013194e+001
 -1.2390938e+002  4.6013070e+001
 -1.2390935e+002  4.6012947e+001
 -1.2390935e+002  4.6012946e+001
 -1.2390932e+002  4.6012821e+001
 -1.2390932e+002  4.6012697e+001
 -1.2390931e+002  4.6012573e+001
 -1.2390931e+002  4.6012449e+001
 -1.2390930e+002  4.6012325e+001
 -1.2390929e+002  4.6012200e+001
 -1.2390929e+002  4.6012076e+001
 -1.2390929e+002  4.6011952e+001
 -1.2390927e+002  4.6011828e+001
 -1.2390925e+002  4.6011704e+001
 -1.2390926e+002  4.6011579e+001
 -1.2390926e+002  4.6011455e+001
 -1.2390925e+002  4.6011331e+001
 -1.2390926e+002  4.6011207e+001
 -1.2390928e+002  4.6011083e+001
 -1.2390931e+002  4.6010958e+001
 -1.2390935e+002  4.6010866e+001
 -1.2390936e+002  4.6010834e+001
 -1.2390943e+002  4.6010710e+001
 -1.2390946e+002  4.6010671e+001
 -1.2390950e+002  4.6010586e+001
 -1.2390954e+002  4.6010461e+001
 -1.2390957e+002  4.6010390e+001
 -1.2390959e+002  4.6010337e+001
 -1.2390965e+002  4.6010213e+001
 -1.2390968e+002  4.6010171e+001
 -1.2390974e+002  4.6010089e+001
 -1.2390979e+002  4.6010020e+001
 -1.2390984e+002  4.6009965e+001
 -1.2390990e+002  4.6009870e+001
 -1.2390992e+002  4.6009840e+001
 -1.2391001e+002  4.6009716e+001
 -1.2391001e+002  4.6009711e+001
 -1.2391006e+002  4.6009592e+001
 -1.2391010e+002  4.6009468e+001
 -1.2391012e+002  4.6009391e+001
 -1.2391014e+002  4.6009344e+001
 -1.2391019e+002  4.6009219e+001
 -1.2391024e+002  4.6009109e+001
 -1.2391024e+002  4.6009095e+001
 -1.2391032e+002  4.6008971e+001
 -1.2391035e+002  4.6008930e+001
 -1.2391044e+002  4.6008847e+001
 -1.2391046e+002  4.6008833e+001
 -1.2391057e+002  4.6008758e+001
 -1.2391060e+002  4.6008723e+001
 -1.2391068e+002  4.6008619e+001
 -1.2391069e+002  4.6008598e+001
 -1.2391074e+002  4.6008474e+001
 -1.2391079e+002  4.6008356e+001
 -1.2391080e+002  4.6008350e+001
 -1.2391090e+002  4.6008253e+001
 -1.2391092e+002  4.6008226e+001
 -1.2391099e+002  4.6008102e+001
 -1.2391101e+002  4.6008045e+001
 -1.2391104e+002  4.6007977e+001
 -1.2391110e+002  4.6007853e+001
 -1.2391113e+002  4.6007799e+001
 -1.2391116e+002  4.6007729e+001
 -1.2391118e+002  4.6007605e+001
 -1.2391123e+002  4.6007480e+001
 -1.2391124e+002  4.6007467e+001
 -1.2391130e+002  4.6007356e+001
 -1.2391134e+002  4.6007232e+001
 -1.2391135e+002  4.6007225e+001
 -1.2391146e+002  4.6007174e+001
 -1.2391157e+002  4.6007152e+001
 -1.2391166e+002  4.6007108e+001
 -1.2391168e+002  4.6007088e+001
 -1.2391172e+002  4.6006984e+001
 -1.2391173e+002  4.6006859e+001
 -1.2391174e+002  4.6006735e+001
 -1.2391175e+002  4.6006611e+001
 -1.2391176e+002  4.6006487e+001
 -1.2391178e+002  4.6006363e+001
 -1.2391179e+002  4.6006286e+001
 -1.2391180e+002  4.6006238e+001
 -1.2391184e+002  4.6006114e+001
 -1.2391188e+002  4.6005990e+001
 -1.2391190e+002  4.6005933e+001
 -1.2391194e+002  4.6005866e+001
 -1.2391202e+002  4.6005756e+001
 -1.2391203e+002  4.6005742e+001
 -1.2391213e+002  4.6005664e+001
 -1.2391222e+002  4.6005617e+001
 -1.2391224e+002  4.6005608e+001
 -1.2391235e+002  4.6005538e+001
 -1.2391239e+002  4.6005493e+001
 -1.2391246e+002  4.6005450e+001
 -1.2391257e+002  4.6005417e+001
 -1.2391268e+002  4.6005393e+001
 -1.2391279e+002  4.6005392e+001
 -1.2391291e+002  4.6005432e+001
 -1.2391302e+002  4.6005491e+001
 -1.2391302e+002  4.6005493e+001
 -1.2391313e+002  4.6005558e+001
 -1.2391324e+002  4.6005599e+001
 -1.2391328e+002  4.6005617e+001
 -1.2391335e+002  4.6005674e+001
 -1.2391339e+002  4.6005742e+001
 -1.2391343e+002  4.6005866e+001
 -1.2391346e+002  4.6005935e+001
 -1.2391350e+002  4.6005990e+001
 -1.2391357e+002  4.6006072e+001
 -1.2391364e+002  4.6006114e+001
 -1.2391368e+002  4.6006179e+001
 -1.2391380e+002  4.6006216e+001
 -1.2391391e+002  4.6006234e+001
 -1.2391392e+002  4.6006238e+001
 -1.2391402e+002  4.6006291e+001
 -1.2391404e+002  4.6006363e+001
 -1.2391407e+002  4.6006487e+001
 -1.2391410e+002  4.6006611e+001
 -1.2391410e+002  4.6006735e+001
 -1.2391409e+002  4.6006859e+001
 -1.2391409e+002  4.6006984e+001
 -1.2391410e+002  4.6007108e+001
 -1.2391409e+002  4.6007232e+001
 -1.2391406e+002  4.6007356e+001
 -1.2391403e+002  4.6007480e+001
 -1.2391402e+002  4.6007506e+001
 -1.2391397e+002  4.6007605e+001
 -1.2391391e+002  4.6007669e+001
 -1.2391384e+002  4.6007729e+001
 -1.2391380e+002  4.6007801e+001
 -1.2391376e+002  4.6007853e+001
 -1.2391368e+002  4.6007933e+001
 -1.2391363e+002  4.6007977e+001
 -1.2391357e+002  4.6008027e+001
 -1.2391353e+002  4.6008102e+001
 -1.2391357e+002  4.6008210e+001
 -1.2391368e+002  4.6008207e+001
 -1.2391380e+002  4.6008179e+001
 -1.2391391e+002  4.6008143e+001
 -1.2391395e+002  4.6008102e+001
 -1.2391402e+002  4.6008018e+001
 -1.2391406e+002  4.6007977e+001
 -1.2391413e+002  4.6007923e+001
 -1.2391423e+002  4.6007853e+001
 -1.2391424e+002  4.6007842e+001
 -1.2391433e+002  4.6007729e+001
 -1.2391435e+002  4.6007695e+001
 -1.2391442e+002  4.6007605e+001
 -1.2391446e+002  4.6007541e+001
 -1.2391450e+002  4.6007480e+001
 -1.2391455e+002  4.6007356e+001
 -1.2391457e+002  4.6007256e+001
 -1.2391458e+002  4.6007232e+001
 -1.2391459e+002  4.6007108e+001
 -1.2391460e+002  4.6006984e+001
 -1.2391461e+002  4.6006859e+001
 -1.2391461e+002  4.6006735e+001
 -1.2391462e+002  4.6006611e+001
 -1.2391466e+002  4.6006487e+001
 -1.2391468e+002  4.6006429e+001
 -1.2391474e+002  4.6006363e+001
 -1.2391480e+002  4.6006320e+001
 -1.2391489e+002  4.6006238e+001
 -1.2391491e+002  4.6006225e+001
 -1.2391499e+002  4.6006114e+001
 -1.2391502e+002  4.6006088e+001
 -1.2391513e+002  4.6006010e+001
 -1.2391516e+002  4.6005990e+001
 -1.2391524e+002  4.6005897e+001
 -1.2391529e+002  4.6005866e+001
 -1.2391535e+002  4.6005831e+001
 -1.2391546e+002  4.6005792e+001
 -1.2391557e+002  4.6005763e+001
 -1.2391564e+002  4.6005742e+001
 -1.2391569e+002  4.6005723e+001
 -1.2391580e+002  4.6005696e+001
 -1.2391591e+002  4.6005677e+001
 -1.2391602e+002  4.6005668e+001
 -1.2391613e+002  4.6005716e+001
 -1.2391615e+002  4.6005742e+001
 -1.2391624e+002  4.6005845e+001
 -1.2391626e+002  4.6005866e+001
 -1.2391635e+002  4.6005959e+001
 -1.2391642e+002  4.6005990e+001
 -1.2391646e+002  4.6006001e+001
 -1.2391658e+002  4.6006009e+001
 -1.2391669e+002  4.6006011e+001
 -1.2391680e+002  4.6006009e+001
 -1.2391689e+002  4.6005990e+001
 -1.2391691e+002  4.6005981e+001
 -1.2391699e+002  4.6005866e+001
 -1.2391700e+002  4.6005742e+001
 -1.2391697e+002  4.6005617e+001
 -1.2391691e+002  4.6005503e+001
 -1.2391690e+002  4.6005493e+001
 -1.2391680e+002  4.6005386e+001
 -1.2391676e+002  4.6005369e+001
 -1.2391669e+002  4.6005344e+001
 -1.2391658e+002  4.6005326e+001
 -1.2391646e+002  4.6005326e+001
 -1.2391635e+002  4.6005365e+001
 -1.2391635e+002  4.6005369e+001
 -1.2391624e+002  4.6005445e+001
 -1.2391613e+002  4.6005472e+001
 -1.2391602e+002  4.6005456e+001
 -1.2391591e+002  4.6005381e+001
 -1.2391590e+002  4.6005369e+001
 -1.2391580e+002  4.6005278e+001
 -1.2391578e+002  4.6005245e+001
 -1.2391575e+002  4.6005121e+001
 -1.2391574e+002  4.6004996e+001
 -1.2391573e+002  4.6004872e+001
 -1.2391573e+002  4.6004748e+001
 -1.2391576e+002  4.6004624e+001
 -1.2391580e+002  4.6004522e+001
 -1.2391581e+002  4.6004499e+001
 -1.2391586e+002  4.6004375e+001
 -1.2391591e+002  4.6004277e+001
 -1.2391592e+002  4.6004251e+001
 -1.2391599e+002  4.6004127e+001
 -1.2391602e+002  4.6004073e+001
 -1.2391607e+002  4.6004003e+001
 -1.2391613e+002  4.6003920e+001
 -1.2391619e+002  4.6003878e+001
 -1.2391624e+002  4.6003828e+001
 -1.2391633e+002  4.6003754e+001
 -1.2391635e+002  4.6003686e+001
 -1.2391640e+002  4.6003630e+001
 -1.2391646e+002  4.6003514e+001
 -1.2391648e+002  4.6003506e+001
 -1.2391657e+002  4.6003382e+001
 -1.2391658e+002  4.6003378e+001
 -1.2391665e+002  4.6003257e+001
 -1.2391669e+002  4.6003183e+001
 -1.2391670e+002  4.6003133e+001
 -1.2391677e+002  4.6003009e+001
 -1.2391680e+002  4.6002970e+001
 -1.2391686e+002  4.6002885e+001
 -1.2391691e+002  4.6002776e+001
 -1.2391692e+002  4.6002761e+001
 -1.2391698e+002  4.6002636e+001
 -1.2391702e+002  4.6002547e+001
 -1.2391705e+002  4.6002512e+001
 -1.2391713e+002  4.6002428e+001
 -1.2391718e+002  4.6002388e+001
 -1.2391724e+002  4.6002330e+001
 -1.2391727e+002  4.6002264e+001
 -1.2391728e+002  4.6002139e+001
 -1.2391730e+002  4.6002015e+001
 -1.2391732e+002  4.6001891e+001
 -1.2391735e+002  4.6001767e+001
 -1.2391735e+002  4.6001736e+001
 -1.2391737e+002  4.6001643e+001
 -1.2391738e+002  4.6001518e+001
 -1.2391740e+002  4.6001394e+001
 -1.2391745e+002  4.6001270e+001
 -1.2391747e+002  4.6001249e+001
 -1.2391752e+002  4.6001146e+001
 -1.2391757e+002  4.6001022e+001
 -1.2391758e+002  4.6001016e+001
 -1.2391764e+002  4.6000897e+001
 -1.2391769e+002  4.6000834e+001
 -1.2391773e+002  4.6000773e+001
 -1.2391780e+002  4.6000712e+001
 -1.2391786e+002  4.6000649e+001
 -1.2391791e+002  4.6000590e+001
 -1.2391796e+002  4.6000525e+001
 -1.2391802e+002  4.6000419e+001
 -1.2391804e+002  4.6000401e+001
 -1.2391812e+002  4.6000276e+001
 -1.2391813e+002  4.6000244e+001
 -1.2391818e+002  4.6000152e+001
 -1.2391822e+002  4.6000028e+001
 -1.2391824e+002  4.5999904e+001
 -1.2391824e+002  4.5999876e+001
 -1.2391826e+002  4.5999780e+001
 -1.2391827e+002  4.5999655e+001
 -1.2391827e+002  4.5999531e+001
 -1.2391828e+002  4.5999407e+001
 -1.2391828e+002  4.5999283e+001
 -1.2391830e+002  4.5999158e+001
 -1.2391832e+002  4.5999034e+001
 -1.2391836e+002  4.5998953e+001
 -1.2391837e+002  4.5998910e+001
 -1.2391841e+002  4.5998786e+001
 -1.2391845e+002  4.5998662e+001
 -1.2391847e+002  4.5998601e+001
 -1.2391849e+002  4.5998537e+001
 -1.2391853e+002  4.5998413e+001
 -1.2391856e+002  4.5998289e+001
 -1.2391858e+002  4.5998226e+001
 -1.2391860e+002  4.5998165e+001
 -1.2391864e+002  4.5998041e+001
 -1.2391868e+002  4.5997916e+001
 -1.2391869e+002  4.5997898e+001
 -1.2391873e+002  4.5997792e+001
 -1.2391877e+002  4.5997668e+001
 -1.2391880e+002  4.5997582e+001
 -1.2391881e+002  4.5997544e+001
 -1.2391884e+002  4.5997420e+001
 -1.2391888e+002  4.5997295e+001
 -1.2391891e+002  4.5997196e+001
 -1.2391892e+002  4.5997171e+001
 -1.2391896e+002  4.5997047e+001
 -1.2391901e+002  4.5996923e+001
 -1.2391902e+002  4.5996885e+001
 -1.2391906e+002  4.5996799e+001
 -1.2391912e+002  4.5996674e+001
 -1.2391913e+002  4.5996636e+001
 -1.2391918e+002  4.5996550e+001
 -1.2391923e+002  4.5996426e+001
 -1.2391925e+002  4.5996388e+001
 -1.2391928e+002  4.5996302e+001
 -1.2391930e+002  4.5996177e+001
 -1.2391929e+002  4.5996053e+001
 -1.2391927e+002  4.5995929e+001
 -1.2391925e+002  4.5995850e+001
 -1.2391923e+002  4.5995805e+001
 -1.2391919e+002  4.5995681e+001
 -1.2391915e+002  4.5995556e+001
 -1.2391915e+002  4.5995432e+001
 -1.2391915e+002  4.5995308e+001
 -1.2391917e+002  4.5995184e+001
 -1.2391920e+002  4.5995060e+001
 -1.2391923e+002  4.5994935e+001
 -1.2391925e+002  4.5994871e+001
 -1.2391926e+002  4.5994811e+001
 -1.2391929e+002  4.5994687e+001
 -1.2391934e+002  4.5994563e+001
 -1.2391936e+002  4.5994515e+001
 -1.2391939e+002  4.5994439e+001
 -1.2391944e+002  4.5994314e+001
 -1.2391947e+002  4.5994260e+001
 -1.2391949e+002  4.5994190e+001
 -1.2391954e+002  4.5994066e+001
 -1.2391958e+002  4.5993985e+001
 -1.2391960e+002  4.5993942e+001
 -1.2391965e+002  4.5993817e+001
 -1.2391969e+002  4.5993746e+001
 -1.2391972e+002  4.5993693e+001
 -1.2391980e+002  4.5993570e+001
 -1.2391980e+002  4.5993569e+001
 -1.2391991e+002  4.5993445e+001
 -1.2391991e+002  4.5993442e+001
 -1.2392002e+002  4.5993347e+001
 -1.2392004e+002  4.5993321e+001
 -1.2392011e+002  4.5993196e+001
 -1.2392013e+002  4.5993162e+001
 -1.2392019e+002  4.5993072e+001
 -1.2392025e+002  4.5992991e+001
 -1.2392028e+002  4.5992948e+001
 -1.2392036e+002  4.5992830e+001
 -1.2392036e+002  4.5992824e+001
 -1.2392042e+002  4.5992700e+001
 -1.2392047e+002  4.5992590e+001
 -1.2392047e+002  4.5992575e+001
 -1.2392053e+002  4.5992451e+001
 -1.2392058e+002  4.5992336e+001
 -1.2392058e+002  4.5992327e+001
 -1.2392062e+002  4.5992203e+001
 -1.2392063e+002  4.5992079e+001
 -1.2392064e+002  4.5991954e+001
 -1.2392065e+002  4.5991830e+001
 -1.2392067e+002  4.5991706e+001
 -1.2392068e+002  4.5991582e+001
 -1.2392069e+002  4.5991548e+001
 -1.2392071e+002  4.5991458e+001
 -1.2392075e+002  4.5991333e+001
 -1.2392080e+002  4.5991228e+001
 -1.2392081e+002  4.5991209e+001
 -1.2392088e+002  4.5991085e+001
 -1.2392091e+002  4.5991021e+001
 -1.2392095e+002  4.5990961e+001
 -1.2392102e+002  4.5990862e+001
 -1.2392104e+002  4.5990836e+001
 -1.2392111e+002  4.5990712e+001
 -1.2392114e+002  4.5990665e+001
 -1.2392116e+002  4.5990588e+001
 -1.2392119e+002  4.5990464e+001
 -1.2392123e+002  4.5990340e+001
 -1.2392125e+002  4.5990298e+001
 -1.2392128e+002  4.5990215e+001
 -1.2392136e+002  4.5990091e+001
 -1.2392136e+002  4.5990090e+001
 -1.2392146e+002  4.5989967e+001
 -1.2392147e+002  4.5989948e+001
 -1.2392156e+002  4.5989843e+001
 -1.2392158e+002  4.5989818e+001
 -1.2392168e+002  4.5989719e+001
 -1.2392169e+002  4.5989687e+001
 -1.2392172e+002  4.5989594e+001
 -1.2392176e+002  4.5989470e+001
 -1.2392178e+002  4.5989346e+001
 -1.2392180e+002  4.5989256e+001
 -1.2392181e+002  4.5989222e+001
 -1.2392182e+002  4.5989098e+001
 -1.2392183e+002  4.5988973e+001
 -1.2392184e+002  4.5988849e+001
 -1.2392186e+002  4.5988725e+001
 -1.2392188e+002  4.5988601e+001
 -1.2392189e+002  4.5988477e+001
 -1.2392190e+002  4.5988352e+001
 -1.2392191e+002  4.5988228e+001
 -1.2392191e+002  4.5988209e+001
 -1.2392192e+002  4.5988104e+001
 -1.2392191e+002  4.5988037e+001
 -1.2392191e+002  4.5987980e+001
 -1.2392190e+002  4.5987855e+001
 -1.2392188e+002  4.5987731e+001
 -1.2392187e+002  4.5987607e+001
 -1.2392185e+002  4.5987483e+001
 -1.2392183e+002  4.5987359e+001
 -1.2392180e+002  4.5987241e+001
 -1.2392180e+002  4.5987234e+001
 -1.2392176e+002  4.5987110e+001
 -1.2392173e+002  4.5986986e+001
 -1.2392169e+002  4.5986862e+001
 -1.2392169e+002  4.5986851e+001
 -1.2392166e+002  4.5986738e+001
 -1.2392163e+002  4.5986613e+001
 -1.2392158e+002  4.5986518e+001
 -1.2392157e+002  4.5986489e+001
 -1.2392151e+002  4.5986365e+001
 -1.2392147e+002  4.5986259e+001
 -1.2392146e+002  4.5986241e+001
 -1.2392144e+002  4.5986117e+001
 -1.2392142e+002  4.5985992e+001
 -1.2392141e+002  4.5985868e+001
 -1.2392146e+002  4.5985744e+001
 -1.2392147e+002  4.5985716e+001
 -1.2392152e+002  4.5985620e+001
 -1.2392158e+002  4.5985506e+001
 -1.2392159e+002  4.5985495e+001
 -1.2392169e+002  4.5985399e+001
 -1.2392173e+002  4.5985371e+001
 -1.2392180e+002  4.5985315e+001
 -1.2392188e+002  4.5985247e+001
 -1.2392191e+002  4.5985215e+001
 -1.2392199e+002  4.5985123e+001
 -1.2392203e+002  4.5985032e+001
 -1.2392204e+002  4.5984999e+001
 -1.2392204e+002  4.5984874e+001
 -1.2392203e+002  4.5984811e+001
 -1.2392201e+002  4.5984750e+001
 -1.2392198e+002  4.5984626e+001
 -1.2392193e+002  4.5984502e+001
 -1.2392197e+002  4.5984378e+001
 -1.2392201e+002  4.5984253e+001
 -1.2392203e+002  4.5984172e+001
 -1.2392204e+002  4.5984129e+001
 -1.2392206e+002  4.5984005e+001
 -1.2392206e+002  4.5983881e+001
 -1.2392203e+002  4.5983834e+001
 -1.2392191e+002  4.5983764e+001
 -1.2392189e+002  4.5983757e+001
 -1.2392180e+002  4.5983701e+001
 -1.2392177e+002  4.5983632e+001
 -1.2392178e+002  4.5983508e+001
 -1.2392179e+002  4.5983384e+001
 -1.2392180e+002  4.5983309e+001
 -1.2392181e+002  4.5983260e+001
 -1.2392185e+002  4.5983136e+001
 -1.2392190e+002  4.5983011e+001
 -1.2392191e+002  4.5982988e+001
 -1.2392198e+002  4.5982887e+001
 -1.2392203e+002  4.5982835e+001
 -1.2392210e+002  4.5982763e+001
 -1.2392214e+002  4.5982727e+001
 -1.2392224e+002  4.5982639e+001
 -1.2392225e+002  4.5982636e+001
 -1.2392235e+002  4.5982514e+001
 -1.2392236e+002  4.5982494e+001
 -1.2392243e+002  4.5982390e+001
 -1.2392247e+002  4.5982337e+001
 -1.2392253e+002  4.5982266e+001
 -1.2392258e+002  4.5982188e+001
 -1.2392261e+002  4.5982142e+001
 -1.2392269e+002  4.5982050e+001
 -1.2392272e+002  4.5982018e+001
 -1.2392280e+002  4.5981922e+001
 -1.2392282e+002  4.5981893e+001
 -1.2392292e+002  4.5981781e+001
 -1.2392293e+002  4.5981769e+001
 -1.2392302e+002  4.5981645e+001
 -1.2392303e+002  4.5981638e+001
 -1.2392314e+002  4.5981549e+001
 -1.2392319e+002  4.5981521e+001
 -1.2392325e+002  4.5981484e+001
 -1.2392336e+002  4.5981440e+001
 -1.2392343e+002  4.5981397e+001
 -1.2392347e+002  4.5981354e+001
 -1.2392358e+002  4.5981277e+001
 -1.2392359e+002  4.5981272e+001
 -1.2392369e+002  4.5981204e+001
 -1.2392376e+002  4.5981148e+001
 -1.2392378e+002  4.5981024e+001
 -1.2392369e+002  4.5980923e+001
 -1.2392367e+002  4.5980900e+001
 -1.2392358e+002  4.5980850e+001
 -1.2392348e+002  4.5980776e+001
 -1.2392347e+002  4.5980767e+001
 -1.2392336e+002  4.5980684e+001
 -1.2392330e+002  4.5980651e+001
 -1.2392325e+002  4.5980622e+001
 -1.2392314e+002  4.5980566e+001
 -1.2392306e+002  4.5980527e+001
 -1.2392306e+002  4.5980403e+001
 -1.2392311e+002  4.5980279e+001
 -1.2392307e+002  4.5980155e+001
 -1.2392305e+002  4.5980030e+001
 -1.2392310e+002  4.5979906e+001
 -1.2392314e+002  4.5979803e+001
 -1.2392314e+002  4.5979782e+001
 -1.2392319e+002  4.5979658e+001
 -1.2392324e+002  4.5979533e+001
 -1.2392324e+002  4.5979409e+001
 -1.2392314e+002  4.5979355e+001
 -1.2392303e+002  4.5979319e+001
 -1.2392292e+002  4.5979287e+001
 -1.2392291e+002  4.5979285e+001
 -1.2392286e+002  4.5979161e+001
 -1.2392292e+002  4.5979134e+001
 -1.2392303e+002  4.5979069e+001
 -1.2392308e+002  4.5979037e+001
 -1.2392314e+002  4.5978981e+001
 -1.2392317e+002  4.5978912e+001
 -1.2392320e+002  4.5978788e+001
 -1.2392325e+002  4.5978676e+001
 -1.2392326e+002  4.5978664e+001
 -1.2392325e+002  4.5978652e+001
 -1.2392314e+002  4.5978595e+001
 -1.2392303e+002  4.5978599e+001
 -1.2392298e+002  4.5978664e+001
 -1.2392292e+002  4.5978722e+001
 -1.2392280e+002  4.5978786e+001
 -1.2392275e+002  4.5978788e+001
 -1.2392269e+002  4.5978793e+001
 -1.2392268e+002  4.5978788e+001
 -1.2392264e+002  4.5978664e+001
 -1.2392269e+002  4.5978586e+001
 -1.2392274e+002  4.5978540e+001
 -1.2392280e+002  4.5978495e+001
 -1.2392292e+002  4.5978424e+001
 -1.2392292e+002  4.5978416e+001
 -1.2392299e+002  4.5978291e+001
 -1.2392303e+002  4.5978260e+001
 -1.2392314e+002  4.5978246e+001
 -1.2392325e+002  4.5978246e+001
 -1.2392336e+002  4.5978237e+001
 -1.2392347e+002  4.5978222e+001
 -1.2392358e+002  4.5978194e+001
 -1.2392369e+002  4.5978167e+001
 -1.2392369e+002  4.5978157e+001
 -1.2392374e+002  4.5978043e+001
 -1.2392369e+002  4.5977944e+001
 -1.2392369e+002  4.5977919e+001
 -1.2392367e+002  4.5977795e+001
 -1.2392369e+002  4.5977765e+001
 -1.2392377e+002  4.5977670e+001
 -1.2392381e+002  4.5977640e+001
 -1.2392392e+002  4.5977548e+001
 -1.2392392e+002  4.5977546e+001
 -1.2392396e+002  4.5977422e+001
 -1.2392400e+002  4.5977298e+001
 -1.2392403e+002  4.5977221e+001
 -1.2392404e+002  4.5977173e+001
 -1.2392412e+002  4.5977049e+001
 -1.2392414e+002  4.5977026e+001
 -1.2392423e+002  4.5976925e+001
 -1.2392425e+002  4.5976902e+001
 -1.2392433e+002  4.5976801e+001
 -1.2392436e+002  4.5976773e+001
 -1.2392446e+002  4.5976677e+001
 -1.2392447e+002  4.5976656e+001
 -1.2392453e+002  4.5976552e+001
 -1.2392458e+002  4.5976457e+001
 -1.2392460e+002  4.5976428e+001
 -1.2392465e+002  4.5976304e+001
 -1.2392470e+002  4.5976207e+001
 -1.2392471e+002  4.5976180e+001
 -1.2392478e+002  4.5976056e+001
 -1.2392481e+002  4.5976023e+001
 -1.2392488e+002  4.5975931e+001
 -1.2392492e+002  4.5975899e+001
 -1.2392501e+002  4.5975807e+001
 -1.2392503e+002  4.5975787e+001
 -1.2392509e+002  4.5975683e+001
 -1.2392514e+002  4.5975591e+001
 -1.2392516e+002  4.5975559e+001
 -1.2392523e+002  4.5975435e+001
 -1.2392525e+002  4.5975384e+001
 -1.2392530e+002  4.5975310e+001
 -1.2392535e+002  4.5975186e+001
 -1.2392536e+002  4.5975147e+001
 -1.2392539e+002  4.5975062e+001
 -1.2392542e+002  4.5974938e+001
 -1.2392545e+002  4.5974814e+001
 -1.2392547e+002  4.5974700e+001
 -1.2392548e+002  4.5974689e+001
 -1.2392549e+002  4.5974565e+001
 -1.2392549e+002  4.5974441e+001
 -1.2392549e+002  4.5974317e+001
 -1.2392548e+002  4.5974192e+001
 -1.2392547e+002  4.5974181e+001
 -1.2392546e+002  4.5974068e+001
 -1.2392544e+002  4.5973944e+001
 -1.2392543e+002  4.5973820e+001
 -1.2392541e+002  4.5973696e+001
 -1.2392538e+002  4.5973571e+001
 -1.2392536e+002  4.5973523e+001
 -1.2392533e+002  4.5973447e+001
 -1.2392526e+002  4.5973323e+001
 -1.2392525e+002  4.5973307e+001
 -1.2392521e+002  4.5973199e+001
 -1.2392515e+002  4.5973075e+001
 -1.2392514e+002  4.5973052e+001
 -1.2392509e+002  4.5972950e+001
 -1.2392503e+002  4.5972826e+001
 -1.2392503e+002  4.5972815e+001
 -1.2392498e+002  4.5972702e+001
 -1.2392493e+002  4.5972578e+001
 -1.2392492e+002  4.5972523e+001
 -1.2392490e+002  4.5972454e+001
 -1.2392488e+002  4.5972329e+001
 -1.2392487e+002  4.5972205e+001
 -1.2392488e+002  4.5972081e+001
 -1.2392487e+002  4.5971998e+001
 -1.2393763e+002  4.5971998e+001
 -1.2393771e+002  4.5972034e+001
 -1.2393778e+002  4.5972081e+001
 -1.2393782e+002  4.5972106e+001
 -1.2393791e+002  4.5972205e+001
 -1.2393793e+002  4.5972226e+001
 -1.2393803e+002  4.5972329e+001
 -1.2393804e+002  4.5972340e+001
 -1.2393815e+002  4.5972417e+001
 -1.2393822e+002  4.5972454e+001
 -1.2393826e+002  4.5972477e+001
 -1.2393838e+002  4.5972505e+001
 -1.2393849e+002  4.5972485e+001
 -1.2393856e+002  4.5972454e+001
 -1.2393860e+002  4.5972429e+001
 -1.2393871e+002  4.5972352e+001
 -1.2393875e+002  4.5972329e+001
 -1.2393882e+002  4.5972295e+001
 -1.2393893e+002  4.5972277e+001
 -1.2393904e+002  4.5972300e+001
 -1.2393914e+002  4.5972329e+001
 -1.2393915e+002  4.5972333e+001
 -1.2393927e+002  4.5972332e+001
 -1.2393929e+002  4.5972329e+001
 -1.2393938e+002  4.5972317e+001
 -1.2393949e+002  4.5972309e+001
 -1.2393960e+002  4.5972322e+001
 -1.2393964e+002  4.5972329e+001
 -1.2393971e+002  4.5972341e+001
 -1.2393982e+002  4.5972350e+001
 -1.2393993e+002  4.5972356e+001
 -1.2394004e+002  4.5972364e+001
 -1.2394016e+002  4.5972388e+001
 -1.2394027e+002  4.5972417e+001
 -1.2394038e+002  4.5972433e+001
 -1.2394049e+002  4.5972442e+001
 -1.2394060e+002  4.5972452e+001
 -1.2394061e+002  4.5972454e+001
 -1.2394071e+002  4.5972487e+001
 -1.2394082e+002  4.5972518e+001
 -1.2394093e+002  4.5972542e+001
 -1.2394105e+002  4.5972564e+001
 -1.2394110e+002  4.5972578e+001
 -1.2394116e+002  4.5972591e+001
 -1.2394127e+002  4.5972631e+001
 -1.2394138e+002  4.5972666e+001
 -1.2394149e+002  4.5972688e+001
 -1.2394158e+002  4.5972702e+001
 -1.2394160e+002  4.5972704e+001
 -1.2394171e+002  4.5972718e+001
 -1.2394182e+002  4.5972738e+001
 -1.2394193e+002  4.5972763e+001
 -1.2394205e+002  4.5972790e+001
 -1.2394216e+002  4.5972814e+001
 -1.2394226e+002  4.5972826e+001
 -1.2394227e+002  4.5972827e+001
 -1.2394227e+002  4.5972826e+001
 -1.2394238e+002  4.5972802e+001
 -1.2394249e+002  4.5972763e+001
 -1.2394260e+002  4.5972713e+001
 -1.2394263e+002  4.5972702e+001
 -1.2394271e+002  4.5972653e+001
 -1.2394282e+002  4.5972591e+001
 -1.2394284e+002  4.5972578e+001
 -1.2394294e+002  4.5972486e+001
 -1.2394297e+002  4.5972454e+001
 -1.2394305e+002  4.5972399e+001
 -1.2394316e+002  4.5972404e+001
 -1.2394327e+002  4.5972449e+001
 -1.2394328e+002  4.5972454e+001
 -1.2394338e+002  4.5972568e+001
 -1.2394339e+002  4.5972578e+001
 -1.2394344e+002  4.5972702e+001
 -1.2394349e+002  4.5972826e+001
 -1.2394349e+002  4.5972835e+001
 -1.2394355e+002  4.5972950e+001
 -1.2394360e+002  4.5973074e+001
 -1.2394360e+002  4.5973075e+001
 -1.2394371e+002  4.5973199e+001
 -1.2394371e+002  4.5973202e+001
 -1.2394381e+002  4.5973323e+001
 -1.2394383e+002  4.5973334e+001
 -1.2394394e+002  4.5973420e+001
 -1.2394397e+002  4.5973447e+001
 -1.2394404e+002  4.5973571e+001
 -1.2394405e+002  4.5973690e+001
 -1.2394405e+002  4.5973696e+001
 -1.2394405e+002  4.5973699e+001
 -1.2394404e+002  4.5973820e+001
 -1.2394405e+002  4.5973922e+001
 -1.2394405e+002  4.5973944e+001
 -1.2394416e+002  4.5974062e+001
 -1.2394417e+002  4.5974068e+001
 -1.2394427e+002  4.5974120e+001
 -1.2394438e+002  4.5974163e+001
 -1.2394449e+002  4.5974192e+001
 -1.2394447e+002  4.5974317e+001
 -1.2394449e+002  4.5974338e+001
 -1.2394460e+002  4.5974441e+001
 -1.2394460e+002  4.5974442e+001
 -1.2394472e+002  4.5974472e+001
 -1.2394483e+002  4.5974489e+001
 -1.2394494e+002  4.5974511e+001
 -1.2394505e+002  4.5974545e+001
 -1.2394510e+002  4.5974565e+001
 -1.2394516e+002  4.5974585e+001
 -1.2394527e+002  4.5974645e+001
 -1.2394538e+002  4.5974689e+001
 -1.2394538e+002  4.5974691e+001
 -1.2394549e+002  4.5974715e+001
 -1.2394550e+002  4.5974716e+001
