 -1.2392896e+002  4.6019991e+001
 -1.2392895e+002  4.6019857e+001
 -1.2392897e+002  4.6019649e+001
 -1.2392897e+002  4.6019441e+001
 -1.2392897e+002  4.6019232e+001
 -1.2392895e+002  4.6019024e+001
 -1.2392896e+002  4.6018816e+001
 -1.2392892e+002  4.6018608e+001
 -1.2392892e+002  4.6018565e+001
 -1.2392884e+002  4.6018399e+001
 -1.2392880e+002  4.6018191e+001
 -1.2392882e+002  4.6017983e+001
 -1.2392879e+002  4.6017774e+001
 -1.2392878e+002  4.6017566e+001
 -1.2392876e+002  4.6017358e+001
 -1.2392878e+002  4.6017149e+001
 -1.2392878e+002  4.6016941e+001
 -1.2392876e+002  4.6016733e+001
 -1.2392874e+002  4.6016524e+001
 -1.2392873e+002  4.6016316e+001
 -1.2392871e+002  4.6016204e+001
 -1.2392865e+002  4.6016108e+001
 -1.2392856e+002  4.6015900e+001
 -1.2392851e+002  4.6015691e+001
 -1.2392850e+002  4.6015616e+001
 -1.2392846e+002  4.6015483e+001
 -1.2392833e+002  4.6015275e+001
 -1.2392829e+002  4.6015196e+001
 -1.2392824e+002  4.6015066e+001
 -1.2392822e+002  4.6014858e+001
 -1.2392819e+002  4.6014650e+001
 -1.2392811e+002  4.6014441e+001
 -1.2392809e+002  4.6014387e+001
 -1.2392795e+002  4.6014233e+001
 -1.2392788e+002  4.6014092e+001
 -1.2392782e+002  4.6014025e+001
 -1.2392767e+002  4.6013862e+001
 -1.2392764e+002  4.6013816e+001
 -1.2392746e+002  4.6013667e+001
 -1.2392739e+002  4.6013608e+001
 -1.2392726e+002  4.6013510e+001
 -1.2392705e+002  4.6013402e+001
 -1.2392704e+002  4.6013400e+001
 -1.2392684e+002  4.6013277e+001
 -1.2392677e+002  4.6013191e+001
 -1.2392663e+002  4.6013104e+001
 -1.2392643e+002  4.6013069e+001
 -1.2392631e+002  4.6013191e+001
 -1.2392622e+002  4.6013287e+001
 -1.2392616e+002  4.6013400e+001
 -1.2392605e+002  4.6013608e+001
 -1.2392610e+002  4.6013816e+001
 -1.2392618e+002  4.6014025e+001
 -1.2392621e+002  4.6014233e+001
 -1.2392601e+002  4.6014418e+001
 -1.2392581e+002  4.6014441e+001
 -1.2392580e+002  4.6014441e+001
 -1.2392560e+002  4.6014593e+001
 -1.2392539e+002  4.6014647e+001
 -1.2392539e+002  4.6014650e+001
 -1.2392523e+002  4.6014858e+001
 -1.2392518e+002  4.6014904e+001
 -1.2392514e+002  4.6015066e+001
 -1.2392518e+002  4.6015248e+001
 -1.2392539e+002  4.6015270e+001
 -1.2392542e+002  4.6015275e+001
 -1.2392560e+002  4.6015299e+001
 -1.2392581e+002  4.6015332e+001
 -1.2392596e+002  4.6015483e+001
 -1.2392601e+002  4.6015584e+001
 -1.2392612e+002  4.6015691e+001
 -1.2392622e+002  4.6015780e+001
 -1.2392633e+002  4.6015900e+001
 -1.2392643e+002  4.6015944e+001
 -1.2392658e+002  4.6016108e+001
 -1.2392663e+002  4.6016179e+001
 -1.2392675e+002  4.6016316e+001
 -1.2392683e+002  4.6016524e+001
 -1.2392684e+002  4.6016577e+001
 -1.2392694e+002  4.6016733e+001
 -1.2392705e+002  4.6016808e+001
 -1.2392722e+002  4.6016941e+001
 -1.2392726e+002  4.6016982e+001
 -1.2392737e+002  4.6017149e+001
 -1.2392741e+002  4.6017358e+001
 -1.2392742e+002  4.6017566e+001
 -1.2392746e+002  4.6017774e+001
 -1.2392746e+002  4.6017815e+001
 -1.2392751e+002  4.6017983e+001
 -1.2392754e+002  4.6018191e+001
 -1.2392754e+002  4.6018399e+001
 -1.2392757e+002  4.6018608e+001
 -1.2392760e+002  4.6018816e+001
 -1.2392763e+002  4.6019024e+001
 -1.2392763e+002  4.6019232e+001
 -1.2392764e+002  4.6019441e+001
 -1.2392765e+002  4.6019649e+001
 -1.2392767e+002  4.6019832e+001
 -1.2392768e+002  4.6019857e+001
 -1.2392767e+002  4.6019967e+001
 -1.2392767e+002  4.6019991e+001
 -1.2392629e+002  4.6019991e+001
 -1.2392623e+002  4.6019857e+001
 -1.2392622e+002  4.6019821e+001
 -1.2392613e+002  4.6019649e+001
 -1.2392601e+002  4.6019499e+001
 -1.2392597e+002  4.6019441e+001
 -1.2392591e+002  4.6019232e+001
 -1.2392589e+002  4.6019024e+001
 -1.2392589e+002  4.6018816e+001
 -1.2392582e+002  4.6018608e+001
 -1.2392581e+002  4.6018570e+001
 -1.2392574e+002  4.6018399e+001
 -1.2392572e+002  4.6018191e+001
 -1.2392571e+002  4.6017983e+001
 -1.2392566e+002  4.6017774e+001
 -1.2392560e+002  4.6017625e+001
 -1.2392555e+002  4.6017566e+001
 -1.2392548e+002  4.6017358e+001
 -1.2392543e+002  4.6017149e+001
 -1.2392539e+002  4.6017079e+001
 -1.2392526e+002  4.6016941e+001
 -1.2392518e+002  4.6016880e+001
 -1.2392511e+002  4.6016733e+001
 -1.2392510e+002  4.6016524e+001
 -1.2392506e+002  4.6016316e+001
 -1.2392498e+002  4.6016197e+001
 -1.2392478e+002  4.6016316e+001
 -1.2392477e+002  4.6016332e+001
 -1.2392463e+002  4.6016524e+001
 -1.2392456e+002  4.6016583e+001
 -1.2392435e+002  4.6016664e+001
 -1.2392418e+002  4.6016733e+001
 -1.2392415e+002  4.6016759e+001
 -1.2392394e+002  4.6016937e+001
 -1.2392393e+002  4.6016941e+001
 -1.2392373e+002  4.6017079e+001
 -1.2392352e+002  4.6017105e+001
 -1.2392342e+002  4.6017149e+001
 -1.2392332e+002  4.6017279e+001
 -1.2392322e+002  4.6017358e+001
 -1.2392311e+002  4.6017447e+001
 -1.2392290e+002  4.6017553e+001
 -1.2392287e+002  4.6017566e+001
 -1.2392269e+002  4.6017663e+001
 -1.2392249e+002  4.6017724e+001
 -1.2392241e+002  4.6017774e+001
 -1.2392228e+002  4.6017927e+001
 -1.2392216e+002  4.6017983e+001
 -1.2392207e+002  4.6018081e+001
 -1.2392200e+002  4.6018191e+001
 -1.2392192e+002  4.6018399e+001
 -1.2392186e+002  4.6018447e+001
 -1.2392177e+002  4.6018608e+001
 -1.2392166e+002  4.6018797e+001
 -1.2392165e+002  4.6018816e+001
 -1.2392162e+002  4.6019024e+001
 -1.2392159e+002  4.6019232e+001
 -1.2392159e+002  4.6019441e+001
 -1.2392165e+002  4.6019649e+001
 -1.2392166e+002  4.6019688e+001
 -1.2392173e+002  4.6019857e+001
 -1.2392176e+002  4.6019991e+001
 -1.2390429e+002  4.6019991e+001
 -1.2390430e+002  4.6019857e+001
 -1.2390433e+002  4.6019649e+001
 -1.2390440e+002  4.6019441e+001
 -1.2390444e+002  4.6019327e+001
 -1.2390447e+002  4.6019232e+001
 -1.2390444e+002  4.6019079e+001
 -1.2390443e+002  4.6019024e+001
 -1.2390437e+002  4.6018816e+001
 -1.2390431e+002  4.6018608e+001
 -1.2390424e+002  4.6018464e+001
 -1.2390417e+002  4.6018399e+001
 -1.2390408e+002  4.6018191e+001
 -1.2390403e+002  4.6018029e+001
 -1.2390401e+002  4.6017983e+001
 -1.2390382e+002  4.6017825e+001
 -1.2390378e+002  4.6017774e+001
 -1.2390371e+002  4.6017566e+001
 -1.2390367e+002  4.6017358e+001
 -1.2390366e+002  4.6017149e+001
 -1.2390366e+002  4.6016941e+001
 -1.2390377e+002  4.6016733e+001
 -1.2390382e+002  4.6016646e+001
 -1.2390394e+002  4.6016524e+001
 -1.2390403e+002  4.6016372e+001
 -1.2390405e+002  4.6016316e+001
 -1.2390408e+002  4.6016108e+001
 -1.2390424e+002  4.6015985e+001
 -1.2390431e+002  4.6015900e+001
 -1.2390440e+002  4.6015691e+001
 -1.2390444e+002  4.6015575e+001
 -1.2390448e+002  4.6015483e+001
 -1.2390450e+002  4.6015275e+001
 -1.2390454e+002  4.6015066e+001
 -1.2390465e+002  4.6014915e+001
 -1.2390472e+002  4.6014858e+001
 -1.2390486e+002  4.6014689e+001
 -1.2390487e+002  4.6014650e+001
 -1.2390507e+002  4.6014461e+001
 -1.2390508e+002  4.6014441e+001
 -1.2390508e+002  4.6014233e+001
 -1.2390507e+002  4.6014129e+001
 -1.2390503e+002  4.6014025e+001
 -1.2390495e+002  4.6013816e+001
 -1.2390486e+002  4.6013733e+001
 -1.2390474e+002  4.6013608e+001
 -1.2390465e+002  4.6013550e+001
 -1.2390444e+002  4.6013523e+001
 -1.2390431e+002  4.6013400e+001
 -1.2390424e+002  4.6013319e+001
 -1.2390403e+002  4.6013232e+001
 -1.2390395e+002  4.6013191e+001
 -1.2390382e+002  4.6013145e+001
 -1.2390363e+002  4.6012983e+001
 -1.2390361e+002  4.6012978e+001
 -1.2390341e+002  4.6012917e+001
 -1.2390320e+002  4.6012898e+001
 -1.2390299e+002  4.6012866e+001
 -1.2390285e+002  4.6012775e+001
 -1.2390278e+002  4.6012744e+001
 -1.2390258e+002  4.6012683e+001
 -1.2390237e+002  4.6012615e+001
 -1.2390225e+002  4.6012567e+001
 -1.2390216e+002  4.6012520e+001
 -1.2390201e+002  4.6012358e+001
 -1.2390196e+002  4.6012279e+001
 -1.2390188e+002  4.6012150e+001
 -1.2390175e+002  4.6011994e+001
 -1.2390167e+002  4.6011942e+001
 -1.2390154e+002  4.6011862e+001
 -1.2390133e+002  4.6011825e+001
 -1.2390113e+002  4.6011830e+001
 -1.2390095e+002  4.6011733e+001
 -1.2390092e+002  4.6011704e+001
 -1.2390071e+002  4.6011611e+001
 -1.2390050e+002  4.6011554e+001
 -1.2390030e+002  4.6011590e+001
 -1.2390009e+002  4.6011625e+001
 -1.2389988e+002  4.6011643e+001
 -1.2389967e+002  4.6011632e+001
 -1.2389947e+002  4.6011640e+001
 -1.2389926e+002  4.6011636e+001
 -1.2389905e+002  4.6011630e+001
 -1.2389885e+002  4.6011525e+001
 -1.2389884e+002  4.6011523e+001
 -1.2389864e+002  4.6011368e+001
 -1.2389844e+002  4.6011317e+001
 -1.2389843e+002  4.6011316e+001
 -1.2389822e+002  4.6011276e+001
 -1.2389801e+002  4.6011184e+001
 -1.2389794e+002  4.6011108e+001
 -1.2389781e+002  4.6010967e+001
 -1.2389772e+002  4.6010900e+001
 -1.2389760e+002  4.6010789e+001
 -1.2389748e+002  4.6010692e+001
 -1.2389742e+002  4.6010483e+001
 -1.2389760e+002  4.6010288e+001
 -1.2389761e+002  4.6010275e+001
 -1.2389781e+002  4.6010147e+001
 -1.2389801e+002  4.6010088e+001
 -1.2389804e+002  4.6010067e+001
 -1.2389816e+002  4.6009859e+001
 -1.2389822e+002  4.6009780e+001
 -1.2389834e+002  4.6009650e+001
 -1.2389843e+002  4.6009575e+001
 -1.2389864e+002  4.6009458e+001
 -1.2389865e+002  4.6009442e+001
 -1.2389867e+002  4.6009234e+001
 -1.2389867e+002  4.6009025e+001
 -1.2389870e+002  4.6008817e+001
 -1.2389884e+002  4.6008609e+001
 -1.2389884e+002  4.6008605e+001
 -1.2389905e+002  4.6008481e+001
 -1.2389926e+002  4.6008472e+001
 -1.2389947e+002  4.6008471e+001
 -1.2389967e+002  4.6008464e+001
 -1.2389988e+002  4.6008447e+001
 -1.2390009e+002  4.6008439e+001
 -1.2390020e+002  4.6008400e+001
 -1.2390030e+002  4.6008287e+001
 -1.2390034e+002  4.6008192e+001
 -1.2390039e+002  4.6007984e+001
 -1.2390050e+002  4.6007872e+001
 -1.2390065e+002  4.6007775e+001
 -1.2390071e+002  4.6007716e+001
 -1.2390091e+002  4.6007567e+001
 -1.2390092e+002  4.6007537e+001
 -1.2390093e+002  4.6007359e+001
 -1.2390098e+002  4.6007151e+001
 -1.2390113e+002  4.6007005e+001
 -1.2390133e+002  4.6006978e+001
 -1.2390154e+002  4.6006951e+001
 -1.2390175e+002  4.6006961e+001
 -1.2390183e+002  4.6006942e+001
 -1.2390196e+002  4.6006845e+001
 -1.2390216e+002  4.6006788e+001
 -1.2390237e+002  4.6006768e+001
 -1.2390258e+002  4.6006754e+001
 -1.2390261e+002  4.6006734e+001
 -1.2390276e+002  4.6006526e+001
 -1.2390278e+002  4.6006488e+001
 -1.2390287e+002  4.6006317e+001
 -1.2390299e+002  4.6006199e+001
 -1.2390319e+002  4.6006109e+001
 -1.2390320e+002  4.6006104e+001
 -1.2390341e+002  4.6005993e+001
 -1.2390359e+002  4.6005901e+001
 -1.2390361e+002  4.6005875e+001
 -1.2390382e+002  4.6005705e+001
 -1.2390387e+002  4.6005692e+001
 -1.2390403e+002  4.6005632e+001
 -1.2390424e+002  4.6005573e+001
 -1.2390434e+002  4.6005484e+001
 -1.2390444e+002  4.6005363e+001
 -1.2390449e+002  4.6005276e+001
 -1.2390444e+002  4.6005070e+001
 -1.2390444e+002  4.6005067e+001
 -1.2390426e+002  4.6004859e+001
 -1.2390424e+002  4.6004841e+001
 -1.2390403e+002  4.6004723e+001
 -1.2390395e+002  4.6004651e+001
 -1.2390382e+002  4.6004583e+001
 -1.2390364e+002  4.6004443e+001
 -1.2390365e+002  4.6004234e+001
 -1.2390382e+002  4.6004026e+001
 -1.2390382e+002  4.6004024e+001
 -1.2390403e+002  4.6003959e+001
 -1.2390424e+002  4.6003902e+001
 -1.2390433e+002  4.6003818e+001
 -1.2390444e+002  4.6003703e+001
 -1.2390465e+002  4.6003655e+001
 -1.2390486e+002  4.6003633e+001
 -1.2390507e+002  4.6003638e+001
 -1.2390515e+002  4.6003609e+001
 -1.2390527e+002  4.6003490e+001
 -1.2390548e+002  4.6003433e+001
 -1.2390555e+002  4.6003401e+001
 -1.2390565e+002  4.6003193e+001
 -1.2390569e+002  4.6003089e+001
 -1.2390572e+002  4.6002984e+001
 -1.2390577e+002  4.6002776e+001
 -1.2390581e+002  4.6002568e+001
 -1.2390583e+002  4.6002359e+001
 -1.2390590e+002  4.6002255e+001
 -1.2390593e+002  4.6002151e+001
 -1.2390610e+002  4.6001991e+001
 -1.2390631e+002  4.6002056e+001
 -1.2390649e+002  4.6002151e+001
 -1.2390652e+002  4.6002164e+001
 -1.2390673e+002  4.6002292e+001
 -1.2390680e+002  4.6002359e+001
 -1.2390693e+002  4.6002447e+001
 -1.2390714e+002  4.6002553e+001
 -1.2390735e+002  4.6002516e+001
 -1.2390755e+002  4.6002493e+001
 -1.2390776e+002  4.6002364e+001
 -1.2390777e+002  4.6002359e+001
 -1.2390797e+002  4.6002249e+001
 -1.2390818e+002  4.6002175e+001
 -1.2390822e+002  4.6002151e+001
 -1.2390838e+002  4.6002051e+001
 -1.2390850e+002  4.6001943e+001
 -1.2390859e+002  4.6001855e+001
 -1.2390865e+002  4.6001735e+001
 -1.2390870e+002  4.6001526e+001
 -1.2390878e+002  4.6001318e+001
 -1.2390880e+002  4.6001295e+001
 -1.2390901e+002  4.6001153e+001
 -1.2390907e+002  4.6001110e+001
 -1.2390921e+002  4.6001011e+001
 -1.2390932e+002  4.6000901e+001
 -1.2390942e+002  4.6000715e+001
 -1.2390943e+002  4.6000693e+001
 -1.2390949e+002  4.6000485e+001
 -1.2390962e+002  4.6000276e+001
 -1.2390963e+002  4.6000270e+001
 -1.2390984e+002  4.6000128e+001
 -1.2390991e+002  4.6000068e+001
 -1.2391004e+002  4.5999881e+001
 -1.2391005e+002  4.5999860e+001
 -1.2391013e+002  4.5999651e+001
 -1.2391025e+002  4.5999519e+001
 -1.2391032e+002  4.5999443e+001
 -1.2391046e+002  4.5999276e+001
 -1.2391054e+002  4.5999235e+001
 -1.2391067e+002  4.5999091e+001
 -1.2391070e+002  4.5999027e+001
 -1.2391075e+002  4.5998818e+001
 -1.2391078e+002  4.5998610e+001
 -1.2391067e+002  4.5998402e+001
 -1.2391067e+002  4.5998399e+001
 -1.2391046e+002  4.5998193e+001
 -1.2391046e+002  4.5998191e+001
 -1.2391031e+002  4.5997985e+001
 -1.2391025e+002  4.5997940e+001
 -1.2391004e+002  4.5997863e+001
 -1.2390985e+002  4.5997777e+001
 -1.2390984e+002  4.5997772e+001
 -1.2390963e+002  4.5997719e+001
 -1.2390942e+002  4.5997682e+001
 -1.2390929e+002  4.5997568e+001
 -1.2390921e+002  4.5997491e+001
 -1.2390901e+002  4.5997451e+001
 -1.2390880e+002  4.5997396e+001
 -1.2390875e+002  4.5997360e+001
 -1.2390862e+002  4.5997152e+001
 -1.2390859e+002  4.5997124e+001
 -1.2390846e+002  4.5996943e+001
 -1.2390857e+002  4.5996735e+001
 -1.2390859e+002  4.5996687e+001
 -1.2390864e+002  4.5996527e+001
 -1.2390880e+002  4.5996331e+001
 -1.2390881e+002  4.5996318e+001
 -1.2390901e+002  4.5996191e+001
 -1.2390921e+002  4.5996115e+001
 -1.2390922e+002  4.5996110e+001
 -1.2390931e+002  4.5995902e+001
 -1.2390939e+002  4.5995694e+001
 -1.2390942e+002  4.5995661e+001
 -1.2390948e+002  4.5995485e+001
 -1.2390963e+002  4.5995339e+001
 -1.2390984e+002  4.5995283e+001
 -1.2391001e+002  4.5995277e+001
 -1.2391004e+002  4.5995272e+001
 -1.2391025e+002  4.5995156e+001
 -1.2391046e+002  4.5995132e+001
 -1.2391067e+002  4.5995113e+001
 -1.2391087e+002  4.5995119e+001
 -1.2391108e+002  4.5995105e+001
 -1.2391120e+002  4.5995069e+001
 -1.2391129e+002  4.5994985e+001
 -1.2391149e+002  4.5994860e+001
 -1.2391150e+002  4.5994856e+001
 -1.2391170e+002  4.5994698e+001
 -1.2391172e+002  4.5994652e+001
 -1.2391182e+002  4.5994444e+001
 -1.2391191e+002  4.5994352e+001
 -1.2391200e+002  4.5994235e+001
 -1.2391212e+002  4.5994074e+001
 -1.2391217e+002  4.5994027e+001
 -1.2391232e+002  4.5993869e+001
 -1.2391236e+002  4.5993819e+001
 -1.2391253e+002  4.5993691e+001
 -1.2391258e+002  4.5993610e+001
 -1.2391265e+002  4.5993402e+001
 -1.2391272e+002  4.5993194e+001
 -1.2391274e+002  4.5993172e+001
 -1.2391277e+002  4.5992986e+001
 -1.2391278e+002  4.5992777e+001
 -1.2391280e+002  4.5992569e+001
 -1.2391279e+002  4.5992361e+001
 -1.2391282e+002  4.5992152e+001
 -1.2391295e+002  4.5991984e+001
 -1.2391300e+002  4.5991944e+001
 -1.2391315e+002  4.5991807e+001
 -1.2391325e+002  4.5991736e+001
 -1.2391336e+002  4.5991570e+001
 -1.2391337e+002  4.5991527e+001
 -1.2391342e+002  4.5991319e+001
 -1.2391345e+002  4.5991111e+001
 -1.2391349e+002  4.5990902e+001
 -1.2391351e+002  4.5990694e+001
 -1.2391351e+002  4.5990486e+001
 -1.2391351e+002  4.5990278e+001
 -1.2391357e+002  4.5990196e+001
 -1.2391365e+002  4.5990069e+001
 -1.2391371e+002  4.5989861e+001
 -1.2391374e+002  4.5989653e+001
 -1.2391371e+002  4.5989444e+001
 -1.2391367e+002  4.5989236e+001
 -1.2391360e+002  4.5989028e+001
 -1.2391357e+002  4.5988951e+001
 -1.2391350e+002  4.5988819e+001
 -1.2391342e+002  4.5988611e+001
 -1.2391336e+002  4.5988496e+001
 -1.2391324e+002  4.5988403e+001
 -1.2391315e+002  4.5988326e+001
 -1.2391295e+002  4.5988215e+001
 -1.2391292e+002  4.5988194e+001
 -1.2391274e+002  4.5988123e+001
 -1.2391256e+002  4.5987986e+001
 -1.2391253e+002  4.5987978e+001
 -1.2391232e+002  4.5987981e+001
 -1.2391212e+002  4.5987960e+001
 -1.2391191e+002  4.5987935e+001
 -1.2391170e+002  4.5987918e+001
 -1.2391150e+002  4.5987905e+001
 -1.2391129e+002  4.5987856e+001
 -1.2391118e+002  4.5987778e+001
 -1.2391108e+002  4.5987723e+001
 -1.2391088e+002  4.5987570e+001
 -1.2391087e+002  4.5987558e+001
 -1.2391077e+002  4.5987361e+001
 -1.2391077e+002  4.5987153e+001
 -1.2391079e+002  4.5986945e+001
 -1.2391087e+002  4.5986875e+001
 -1.2391100e+002  4.5986736e+001
 -1.2391108e+002  4.5986629e+001
 -1.2391118e+002  4.5986528e+001
 -1.2391129e+002  4.5986427e+001
 -1.2391150e+002  4.5986329e+001
 -1.2391152e+002  4.5986320e+001
 -1.2391170e+002  4.5986252e+001
 -1.2391191e+002  4.5986197e+001
 -1.2391212e+002  4.5986186e+001
 -1.2391232e+002  4.5986165e+001
 -1.2391253e+002  4.5986161e+001
 -1.2391274e+002  4.5986135e+001
 -1.2391284e+002  4.5986111e+001
 -1.2391295e+002  4.5986043e+001
 -1.2391315e+002  4.5985996e+001
 -1.2391336e+002  4.5985978e+001
 -1.2391357e+002  4.5985929e+001
 -1.2391366e+002  4.5985903e+001
 -1.2391378e+002  4.5985820e+001
 -1.2391398e+002  4.5985743e+001
 -1.2391410e+002  4.5985695e+001
 -1.2391419e+002  4.5985642e+001
 -1.2391440e+002  4.5985525e+001
 -1.2391455e+002  4.5985486e+001
 -1.2391461e+002  4.5985465e+001
 -1.2391481e+002  4.5985433e+001
 -1.2391502e+002  4.5985416e+001
 -1.2391523e+002  4.5985413e+001
 -1.2391544e+002  4.5985422e+001
 -1.2391564e+002  4.5985411e+001
 -1.2391585e+002  4.5985375e+001
 -1.2391606e+002  4.5985308e+001
 -1.2391617e+002  4.5985278e+001
 -1.2391627e+002  4.5985223e+001
 -1.2391647e+002  4.5985119e+001
 -1.2391652e+002  4.5985070e+001
 -1.2391663e+002  4.5984862e+001
 -1.2391668e+002  4.5984674e+001
 -1.2391668e+002  4.5984653e+001
 -1.2391676e+002  4.5984445e+001
 -1.2391689e+002  4.5984244e+001
 -1.2391689e+002  4.5984237e+001
 -1.2391689e+002  4.5984220e+001
 -1.2391683e+002  4.5984028e+001
 -1.2391680e+002  4.5983820e+001
 -1.2391689e+002  4.5983741e+001
 -1.2391709e+002  4.5983652e+001
 -1.2391713e+002  4.5983612e+001
 -1.2391724e+002  4.5983403e+001
 -1.2391730e+002  4.5983288e+001
 -1.2391733e+002  4.5983195e+001
 -1.2391730e+002  4.5983018e+001
 -1.2391729e+002  4.5982987e+001
 -1.2391709e+002  4.5982913e+001
 -1.2391689e+002  4.5982815e+001
 -1.2391686e+002  4.5982778e+001
 -1.2391668e+002  4.5982728e+001
 -1.2391647e+002  4.5982692e+001
 -1.2391627e+002  4.5982681e+001
 -1.2391606e+002  4.5982640e+001
 -1.2391597e+002  4.5982570e+001
 -1.2391585e+002  4.5982479e+001
 -1.2391566e+002  4.5982362e+001
 -1.2391564e+002  4.5982352e+001
 -1.2391544e+002  4.5982294e+001
 -1.2391523e+002  4.5982166e+001
 -1.2391521e+002  4.5982153e+001
 -1.2391502e+002  4.5982098e+001
 -1.2391481e+002  4.5982060e+001
 -1.2391461e+002  4.5982028e+001
 -1.2391446e+002  4.5981945e+001
 -1.2391440e+002  4.5981926e+001
 -1.2391419e+002  4.5981818e+001
 -1.2391411e+002  4.5981737e+001
 -1.2391398e+002  4.5981552e+001
 -1.2391395e+002  4.5981529e+001
 -1.2391378e+002  4.5981371e+001
 -1.2391372e+002  4.5981320e+001
 -1.2391357e+002  4.5981247e+001
 -1.2391336e+002  4.5981147e+001
 -1.2391326e+002  4.5981112e+001
 -1.2391315e+002  4.5981095e+001
 -1.2391295e+002  4.5981047e+001
 -1.2391274e+002  4.5981029e+001
 -1.2391253e+002  4.5980940e+001
 -1.2391245e+002  4.5980904e+001
 -1.2391232e+002  4.5980860e+001
 -1.2391212e+002  4.5980758e+001
 -1.2391205e+002  4.5980695e+001
 -1.2391197e+002  4.5980487e+001
 -1.2391191e+002  4.5980368e+001
 -1.2391182e+002  4.5980279e+001
 -1.2391170e+002  4.5980133e+001
 -1.2391153e+002  4.5980070e+001
 -1.2391170e+002  4.5979954e+001
 -1.2391191e+002  4.5980004e+001
 -1.2391196e+002  4.5980070e+001
 -1.2391212e+002  4.5980129e+001
 -1.2391232e+002  4.5980122e+001
 -1.2391253e+002  4.5980145e+001
 -1.2391274e+002  4.5980179e+001
 -1.2391291e+002  4.5980279e+001
 -1.2391295e+002  4.5980293e+001
 -1.2391315e+002  4.5980305e+001
 -1.2391336e+002  4.5980341e+001
 -1.2391357e+002  4.5980362e+001
 -1.2391378e+002  4.5980360e+001
 -1.2391398e+002  4.5980386e+001
 -1.2391419e+002  4.5980484e+001
 -1.2391420e+002  4.5980487e+001
 -1.2391440e+002  4.5980563e+001
 -1.2391461e+002  4.5980594e+001
 -1.2391481e+002  4.5980578e+001
 -1.2391492e+002  4.5980487e+001
 -1.2391502e+002  4.5980399e+001
 -1.2391512e+002  4.5980279e+001
 -1.2391523e+002  4.5980095e+001
 -1.2391526e+002  4.5980070e+001
 -1.2391544e+002  4.5979883e+001
 -1.2391545e+002  4.5979862e+001
 -1.2391562e+002  4.5979654e+001
 -1.2391564e+002  4.5979635e+001
 -1.2391585e+002  4.5979468e+001
 -1.2391588e+002  4.5979445e+001
 -1.2391600e+002  4.5979237e+001
 -1.2391605e+002  4.5979029e+001
 -1.2391606e+002  4.5978821e+001
 -1.2391606e+002  4.5978818e+001
 -1.2391627e+002  4.5978667e+001
 -1.2391631e+002  4.5978612e+001
 -1.2391633e+002  4.5978404e+001
 -1.2391630e+002  4.5978196e+001
 -1.2391627e+002  4.5978109e+001
 -1.2391620e+002  4.5977987e+001
 -1.2391606e+002  4.5977869e+001
 -1.2391601e+002  4.5977779e+001
 -1.2391606e+002  4.5977714e+001
 -1.2391625e+002  4.5977571e+001
 -1.2391627e+002  4.5977551e+001
 -1.2391647e+002  4.5977384e+001
 -1.2391651e+002  4.5977362e+001
 -1.2391668e+002  4.5977287e+001
 -1.2391689e+002  4.5977254e+001
 -1.2391709e+002  4.5977246e+001
 -1.2391730e+002  4.5977252e+001
 -1.2391751e+002  4.5977218e+001
 -1.2391762e+002  4.5977154e+001
 -1.2391772e+002  4.5977110e+001
 -1.2391792e+002  4.5977079e+001
 -1.2391813e+002  4.5977024e+001
 -1.2391822e+002  4.5976946e+001
 -1.2391834e+002  4.5976847e+001
 -1.2391845e+002  4.5976737e+001
 -1.2391855e+002  4.5976581e+001
 -1.2391864e+002  4.5976529e+001
 -1.2391875e+002  4.5976437e+001
 -1.2391888e+002  4.5976321e+001
 -1.2391896e+002  4.5976252e+001
 -1.2391905e+002  4.5976113e+001
 -1.2391904e+002  4.5975904e+001
 -1.2391900e+002  4.5975696e+001
 -1.2391896e+002  4.5975579e+001
 -1.2391888e+002  4.5975488e+001
 -1.2391875e+002  4.5975445e+001
 -1.2391855e+002  4.5975372e+001
 -1.2391845e+002  4.5975279e+001
 -1.2391834e+002  4.5975167e+001
 -1.2391822e+002  4.5975071e+001
 -1.2391816e+002  4.5974863e+001
 -1.2391821e+002  4.5974654e+001
 -1.2391834e+002  4.5974566e+001
 -1.2391855e+002  4.5974509e+001
 -1.2391875e+002  4.5974485e+001
 -1.2391896e+002  4.5974503e+001
 -1.2391917e+002  4.5974508e+001
 -1.2391938e+002  4.5974526e+001
 -1.2391958e+002  4.5974521e+001
 -1.2391979e+002  4.5974532e+001
 -1.2392000e+002  4.5974531e+001
 -1.2392021e+002  4.5974536e+001
 -1.2392041e+002  4.5974527e+001
 -1.2392062e+002  4.5974536e+001
 -1.2392083e+002  4.5974543e+001
 -1.2392104e+002  4.5974539e+001
 -1.2392124e+002  4.5974534e+001
 -1.2392145e+002  4.5974533e+001
 -1.2392166e+002  4.5974522e+001
 -1.2392186e+002  4.5974516e+001
 -1.2392207e+002  4.5974516e+001
 -1.2392228e+002  4.5974500e+001
 -1.2392249e+002  4.5974465e+001
 -1.2392255e+002  4.5974446e+001
 -1.2392269e+002  4.5974392e+001
 -1.2392290e+002  4.5974327e+001
 -1.2392305e+002  4.5974238e+001
 -1.2392311e+002  4.5974167e+001
 -1.2392316e+002  4.5974029e+001
 -1.2392320e+002  4.5973821e+001
 -1.2392322e+002  4.5973613e+001
 -1.2392311e+002  4.5973518e+001
 -1.2392290e+002  4.5973471e+001
 -1.2392276e+002  4.5973405e+001
 -1.2392276e+002  4.5973196e+001
 -1.2392284e+002  4.5972988e+001
 -1.2392290e+002  4.5972926e+001
 -1.2392311e+002  4.5972794e+001
 -1.2392312e+002  4.5972780e+001
 -1.2392330e+002  4.5972571e+001
 -1.2392332e+002  4.5972542e+001
 -1.2392343e+002  4.5972363e+001
 -1.2392352e+002  4.5972234e+001
 -1.2392364e+002  4.5972155e+001
 -1.2392373e+002  4.5972115e+001
 -1.2392391e+002  4.5971998e+001
 -1.2393794e+002  4.5971998e+001
 -1.2393802e+002  4.5972155e+001
 -1.2393804e+002  4.5972254e+001
 -1.2393807e+002  4.5972363e+001
 -1.2393814e+002  4.5972571e+001
 -1.2393825e+002  4.5972707e+001
 -1.2393837e+002  4.5972780e+001
 -1.2393846e+002  4.5972819e+001
 -1.2393866e+002  4.5972932e+001
 -1.2393871e+002  4.5972988e+001
 -1.2393876e+002  4.5973196e+001
 -1.2393878e+002  4.5973405e+001
 -1.2393883e+002  4.5973613e+001
 -1.2393883e+002  4.5973821e+001
 -1.2393884e+002  4.5974029e+001
 -1.2393887e+002  4.5974217e+001
 -1.2393888e+002  4.5974238e+001
 -1.2393905e+002  4.5974446e+001
 -1.2393908e+002  4.5974513e+001
 -1.2393916e+002  4.5974654e+001
 -1.2393929e+002  4.5974824e+001
 -1.2393936e+002  4.5974863e+001
 -1.2393949e+002  4.5974906e+001
 -1.2393970e+002  4.5974948e+001
 -1.2393991e+002  4.5974979e+001
 -1.2394011e+002  4.5974992e+001
 -1.2394032e+002  4.5975047e+001
 -1.2394038e+002  4.5975071e+001
 -1.2394053e+002  4.5975095e+001
 -1.2394074e+002  4.5975100e+001
 -1.2394094e+002  4.5975086e+001
 -1.2394115e+002  4.5975092e+001
 -1.2394133e+002  4.5975071e+001
 -1.2394136e+002  4.5975059e+001
 -1.2394157e+002  4.5974988e+001
 -1.2394177e+002  4.5974918e+001
 -1.2394198e+002  4.5974878e+001
 -1.2394202e+002  4.5974863e+001
 -1.2394219e+002  4.5974724e+001
 -1.2394240e+002  4.5974688e+001
 -1.2394260e+002  4.5974688e+001
 -1.2394281e+002  4.5974760e+001
 -1.2394302e+002  4.5974831e+001
 -1.2394313e+002  4.5974863e+001
 -1.2394323e+002  4.5974880e+001
 -1.2394343e+002  4.5974893e+001
 -1.2394364e+002  4.5974934e+001
 -1.2394385e+002  4.5975006e+001
 -1.2394406e+002  4.5975003e+001
 -1.2394421e+002  4.5975071e+001
 -1.2394426e+002  4.5975078e+001
 -1.2394447e+002  4.5975112e+001
 -1.2394468e+002  4.5975121e+001
 -1.2394488e+002  4.5975115e+001
 -1.2394509e+002  4.5975133e+001
 -1.2394530e+002  4.5975156e+001
 -1.2394550e+002  4.5975190e+001
