 -1.2392579e+002  4.6019991e+001
 -1.2392573e+002  4.6019857e+001
 -1.2392571e+002  4.6019649e+001
 -1.2392566e+002  4.6019441e+001
 -1.2392563e+002  4.6019232e+001
 -1.2392560e+002  4.6019024e+001
 -1.2392560e+002  4.6019023e+001
 -1.2392557e+002  4.6018816e+001
 -1.2392543e+002  4.6018608e+001
 -1.2392539e+002  4.6018399e+001
 -1.2392539e+002  4.6018373e+001
 -1.2392534e+002  4.6018191e+001
 -1.2392530e+002  4.6017983e+001
 -1.2392522e+002  4.6017774e+001
 -1.2392518e+002  4.6017689e+001
 -1.2392514e+002  4.6017566e+001
 -1.2392512e+002  4.6017358e+001
 -1.2392512e+002  4.6017149e+001
 -1.2392508e+002  4.6016941e+001
 -1.2392507e+002  4.6016733e+001
 -1.2392505e+002  4.6016524e+001
 -1.2392502e+002  4.6016316e+001
 -1.2392498e+002  4.6016209e+001
 -1.2392477e+002  4.6016239e+001
 -1.2392456e+002  4.6016305e+001
 -1.2392452e+002  4.6016316e+001
 -1.2392435e+002  4.6016435e+001
 -1.2392429e+002  4.6016524e+001
 -1.2392415e+002  4.6016644e+001
 -1.2392408e+002  4.6016733e+001
 -1.2392394e+002  4.6016877e+001
 -1.2392374e+002  4.6016941e+001
 -1.2392373e+002  4.6016952e+001
 -1.2392352e+002  4.6017024e+001
 -1.2392332e+002  4.6017104e+001
 -1.2392321e+002  4.6017149e+001
 -1.2392311e+002  4.6017277e+001
 -1.2392294e+002  4.6017358e+001
 -1.2392290e+002  4.6017381e+001
 -1.2392269e+002  4.6017463e+001
 -1.2392258e+002  4.6017566e+001
 -1.2392249e+002  4.6017655e+001
 -1.2392228e+002  4.6017745e+001
 -1.2392220e+002  4.6017774e+001
 -1.2392207e+002  4.6017866e+001
 -1.2392186e+002  4.6017932e+001
 -1.2392182e+002  4.6017983e+001
 -1.2392176e+002  4.6018191e+001
 -1.2392168e+002  4.6018399e+001
 -1.2392166e+002  4.6018420e+001
 -1.2392155e+002  4.6018608e+001
 -1.2392145e+002  4.6018757e+001
 -1.2392138e+002  4.6018816e+001
 -1.2392128e+002  4.6019024e+001
 -1.2392124e+002  4.6019158e+001
 -1.2392123e+002  4.6019232e+001
 -1.2392119e+002  4.6019441e+001
 -1.2392121e+002  4.6019649e+001
 -1.2392119e+002  4.6019857e+001
 -1.2392115e+002  4.6019991e+001
 -1.2391192e+002  4.6019991e+001
 -1.2391191e+002  4.6019934e+001
 -1.2391189e+002  4.6019857e+001
 -1.2391186e+002  4.6019649e+001
 -1.2391178e+002  4.6019441e+001
 -1.2391170e+002  4.6019301e+001
 -1.2391164e+002  4.6019232e+001
 -1.2391158e+002  4.6019024e+001
 -1.2391158e+002  4.6018816e+001
 -1.2391150e+002  4.6018613e+001
 -1.2391149e+002  4.6018608e+001
 -1.2391129e+002  4.6018474e+001
 -1.2391120e+002  4.6018399e+001
 -1.2391116e+002  4.6018191e+001
 -1.2391129e+002  4.6018066e+001
 -1.2391137e+002  4.6017983e+001
 -1.2391150e+002  4.6017918e+001
 -1.2391157e+002  4.6017774e+001
 -1.2391158e+002  4.6017566e+001
 -1.2391162e+002  4.6017358e+001
 -1.2391165e+002  4.6017149e+001
 -1.2391170e+002  4.6016941e+001
 -1.2391170e+002  4.6016874e+001
 -1.2391171e+002  4.6016733e+001
 -1.2391170e+002  4.6016652e+001
 -1.2391169e+002  4.6016524e+001
 -1.2391164e+002  4.6016316e+001
 -1.2391161e+002  4.6016108e+001
 -1.2391150e+002  4.6016007e+001
 -1.2391129e+002  4.6015941e+001
 -1.2391115e+002  4.6015900e+001
 -1.2391108e+002  4.6015862e+001
 -1.2391087e+002  4.6015788e+001
 -1.2391067e+002  4.6015730e+001
 -1.2391050e+002  4.6015691e+001
 -1.2391046e+002  4.6015680e+001
 -1.2391025e+002  4.6015628e+001
 -1.2391015e+002  4.6015483e+001
 -1.2391006e+002  4.6015275e+001
 -1.2391004e+002  4.6015211e+001
 -1.2390984e+002  4.6015082e+001
 -1.2390976e+002  4.6015066e+001
 -1.2390963e+002  4.6014858e+001
 -1.2390963e+002  4.6014851e+001
 -1.2390959e+002  4.6014650e+001
 -1.2390945e+002  4.6014441e+001
 -1.2390942e+002  4.6014315e+001
 -1.2390941e+002  4.6014233e+001
 -1.2390939e+002  4.6014025e+001
 -1.2390934e+002  4.6013816e+001
 -1.2390927e+002  4.6013608e+001
 -1.2390921e+002  4.6013439e+001
 -1.2390920e+002  4.6013400e+001
 -1.2390916e+002  4.6013191e+001
 -1.2390915e+002  4.6012983e+001
 -1.2390913e+002  4.6012775e+001
 -1.2390912e+002  4.6012567e+001
 -1.2390912e+002  4.6012358e+001
 -1.2390911e+002  4.6012150e+001
 -1.2390907e+002  4.6011942e+001
 -1.2390903e+002  4.6011733e+001
 -1.2390902e+002  4.6011525e+001
 -1.2390905e+002  4.6011317e+001
 -1.2390909e+002  4.6011108e+001
 -1.2390914e+002  4.6010900e+001
 -1.2390918e+002  4.6010692e+001
 -1.2390921e+002  4.6010561e+001
 -1.2390923e+002  4.6010483e+001
 -1.2390935e+002  4.6010275e+001
 -1.2390942e+002  4.6010100e+001
 -1.2390944e+002  4.6010067e+001
 -1.2390954e+002  4.6009859e+001
 -1.2390958e+002  4.6009650e+001
 -1.2390963e+002  4.6009514e+001
 -1.2390967e+002  4.6009442e+001
 -1.2390972e+002  4.6009234e+001
 -1.2390977e+002  4.6009025e+001
 -1.2390977e+002  4.6008817e+001
 -1.2390984e+002  4.6008624e+001
 -1.2390985e+002  4.6008609e+001
 -1.2390988e+002  4.6008400e+001
 -1.2390991e+002  4.6008192e+001
 -1.2390993e+002  4.6007984e+001
 -1.2390989e+002  4.6007775e+001
 -1.2391003e+002  4.6007567e+001
 -1.2391003e+002  4.6007359e+001
 -1.2391004e+002  4.6007269e+001
 -1.2391006e+002  4.6007151e+001
 -1.2391017e+002  4.6006942e+001
 -1.2391024e+002  4.6006734e+001
 -1.2391025e+002  4.6006703e+001
 -1.2391035e+002  4.6006526e+001
 -1.2391046e+002  4.6006368e+001
 -1.2391059e+002  4.6006317e+001
 -1.2391067e+002  4.6006304e+001
 -1.2391087e+002  4.6006287e+001
 -1.2391108e+002  4.6006307e+001
 -1.2391123e+002  4.6006109e+001
 -1.2391127e+002  4.6005901e+001
 -1.2391129e+002  4.6005853e+001
 -1.2391139e+002  4.6005692e+001
 -1.2391145e+002  4.6005484e+001
 -1.2391150e+002  4.6005430e+001
 -1.2391168e+002  4.6005276e+001
 -1.2391170e+002  4.6005229e+001
 -1.2391176e+002  4.6005067e+001
 -1.2391189e+002  4.6004859e+001
 -1.2391191e+002  4.6004841e+001
 -1.2391212e+002  4.6004680e+001
 -1.2391232e+002  4.6004664e+001
 -1.2391238e+002  4.6004651e+001
 -1.2391253e+002  4.6004631e+001
 -1.2391274e+002  4.6004570e+001
 -1.2391295e+002  4.6004648e+001
 -1.2391315e+002  4.6004559e+001
 -1.2391322e+002  4.6004443e+001
 -1.2391333e+002  4.6004234e+001
 -1.2391336e+002  4.6004119e+001
 -1.2391350e+002  4.6004026e+001
 -1.2391357e+002  4.6003969e+001
 -1.2391378e+002  4.6003920e+001
 -1.2391398e+002  4.6003894e+001
 -1.2391413e+002  4.6003818e+001
 -1.2391419e+002  4.6003806e+001
 -1.2391440e+002  4.6003678e+001
 -1.2391461e+002  4.6003662e+001
 -1.2391481e+002  4.6003726e+001
 -1.2391502e+002  4.6003782e+001
 -1.2391503e+002  4.6003818e+001
 -1.2391502e+002  4.6003988e+001
 -1.2391501e+002  4.6004026e+001
 -1.2391502e+002  4.6004031e+001
 -1.2391506e+002  4.6004234e+001
 -1.2391510e+002  4.6004443e+001
 -1.2391518e+002  4.6004651e+001
 -1.2391523e+002  4.6004785e+001
 -1.2391544e+002  4.6004756e+001
 -1.2391548e+002  4.6004651e+001
 -1.2391555e+002  4.6004443e+001
 -1.2391562e+002  4.6004234e+001
 -1.2391564e+002  4.6004156e+001
 -1.2391567e+002  4.6004026e+001
 -1.2391572e+002  4.6003818e+001
 -1.2391579e+002  4.6003609e+001
 -1.2391585e+002  4.6003471e+001
 -1.2391589e+002  4.6003401e+001
 -1.2391594e+002  4.6003193e+001
 -1.2391597e+002  4.6002984e+001
 -1.2391600e+002  4.6002776e+001
 -1.2391603e+002  4.6002568e+001
 -1.2391605e+002  4.6002359e+001
 -1.2391604e+002  4.6002151e+001
 -1.2391602e+002  4.6001943e+001
 -1.2391597e+002  4.6001735e+001
 -1.2391593e+002  4.6001526e+001
 -1.2391587e+002  4.6001318e+001
 -1.2391585e+002  4.6001281e+001
 -1.2391581e+002  4.6001110e+001
 -1.2391579e+002  4.6000901e+001
 -1.2391579e+002  4.6000693e+001
 -1.2391578e+002  4.6000485e+001
 -1.2391579e+002  4.6000276e+001
 -1.2391584e+002  4.6000068e+001
 -1.2391585e+002  4.6000037e+001
 -1.2391595e+002  4.5999860e+001
 -1.2391596e+002  4.5999651e+001
 -1.2391598e+002  4.5999443e+001
 -1.2391597e+002  4.5999235e+001
 -1.2391599e+002  4.5999027e+001
 -1.2391599e+002  4.5998818e+001
 -1.2391604e+002  4.5998610e+001
 -1.2391606e+002  4.5998546e+001
 -1.2391614e+002  4.5998402e+001
 -1.2391619e+002  4.5998193e+001
 -1.2391626e+002  4.5997985e+001
 -1.2391627e+002  4.5997980e+001
 -1.2391647e+002  4.5997837e+001
 -1.2391653e+002  4.5997777e+001
 -1.2391665e+002  4.5997568e+001
 -1.2391668e+002  4.5997496e+001
 -1.2391688e+002  4.5997360e+001
 -1.2391689e+002  4.5997349e+001
 -1.2391709e+002  4.5997283e+001
 -1.2391729e+002  4.5997152e+001
 -1.2391730e+002  4.5997146e+001
 -1.2391751e+002  4.5996969e+001
 -1.2391754e+002  4.5996943e+001
 -1.2391772e+002  4.5996794e+001
 -1.2391781e+002  4.5996735e+001
 -1.2391790e+002  4.5996527e+001
 -1.2391787e+002  4.5996318e+001
 -1.2391778e+002  4.5996110e+001
 -1.2391772e+002  4.5996059e+001
 -1.2391761e+002  4.5995902e+001
 -1.2391751e+002  4.5995707e+001
 -1.2391749e+002  4.5995694e+001
 -1.2391730e+002  4.5995566e+001
 -1.2391709e+002  4.5995598e+001
 -1.2391689e+002  4.5995494e+001
 -1.2391688e+002  4.5995485e+001
 -1.2391674e+002  4.5995277e+001
 -1.2391672e+002  4.5995069e+001
 -1.2391670e+002  4.5994860e+001
 -1.2391670e+002  4.5994652e+001
 -1.2391670e+002  4.5994444e+001
 -1.2391672e+002  4.5994235e+001
 -1.2391674e+002  4.5994027e+001
 -1.2391678e+002  4.5993819e+001
 -1.2391689e+002  4.5993642e+001
 -1.2391691e+002  4.5993610e+001
 -1.2391709e+002  4.5993435e+001
 -1.2391714e+002  4.5993402e+001
 -1.2391729e+002  4.5993194e+001
 -1.2391730e+002  4.5993182e+001
 -1.2391739e+002  4.5992986e+001
 -1.2391751e+002  4.5992857e+001
 -1.2391758e+002  4.5992777e+001
 -1.2391772e+002  4.5992612e+001
 -1.2391777e+002  4.5992569e+001
 -1.2391788e+002  4.5992361e+001
 -1.2391792e+002  4.5992258e+001
 -1.2391797e+002  4.5992152e+001
 -1.2391806e+002  4.5991944e+001
 -1.2391810e+002  4.5991736e+001
 -1.2391810e+002  4.5991527e+001
 -1.2391813e+002  4.5991440e+001
 -1.2391815e+002  4.5991319e+001
 -1.2391819e+002  4.5991111e+001
 -1.2391825e+002  4.5990902e+001
 -1.2391828e+002  4.5990694e+001
 -1.2391834e+002  4.5990570e+001
 -1.2391836e+002  4.5990486e+001
 -1.2391841e+002  4.5990278e+001
 -1.2391849e+002  4.5990069e+001
 -1.2391852e+002  4.5989861e+001
 -1.2391855e+002  4.5989799e+001
 -1.2391859e+002  4.5989653e+001
 -1.2391875e+002  4.5989444e+001
 -1.2391875e+002  4.5989443e+001
 -1.2391896e+002  4.5989246e+001
 -1.2391897e+002  4.5989236e+001
 -1.2391902e+002  4.5989028e+001
 -1.2391909e+002  4.5988819e+001
 -1.2391917e+002  4.5988665e+001
 -1.2391921e+002  4.5988611e+001
 -1.2391934e+002  4.5988403e+001
 -1.2391938e+002  4.5988304e+001
 -1.2391953e+002  4.5988194e+001
 -1.2391958e+002  4.5988141e+001
 -1.2391979e+002  4.5988046e+001
 -1.2391982e+002  4.5987986e+001
 -1.2391998e+002  4.5987778e+001
 -1.2392000e+002  4.5987742e+001
 -1.2392006e+002  4.5987570e+001
 -1.2392010e+002  4.5987361e+001
 -1.2392013e+002  4.5987153e+001
 -1.2392021e+002  4.5986984e+001
 -1.2392026e+002  4.5986945e+001
 -1.2392041e+002  4.5986769e+001
 -1.2392043e+002  4.5986736e+001
 -1.2392047e+002  4.5986528e+001
 -1.2392052e+002  4.5986320e+001
 -1.2392061e+002  4.5986111e+001
 -1.2392062e+002  4.5986092e+001
 -1.2392067e+002  4.5985903e+001
 -1.2392070e+002  4.5985695e+001
 -1.2392065e+002  4.5985486e+001
 -1.2392062e+002  4.5985474e+001
 -1.2392052e+002  4.5985486e+001
 -1.2392041e+002  4.5985519e+001
 -1.2392021e+002  4.5985581e+001
 -1.2392006e+002  4.5985695e+001
 -1.2392001e+002  4.5985903e+001
 -1.2392000e+002  4.5985918e+001
 -1.2391995e+002  4.5985903e+001
 -1.2391979e+002  4.5985783e+001
 -1.2391973e+002  4.5985695e+001
 -1.2391958e+002  4.5985544e+001
 -1.2391953e+002  4.5985486e+001
 -1.2391938e+002  4.5985425e+001
 -1.2391917e+002  4.5985363e+001
 -1.2391901e+002  4.5985486e+001
 -1.2391896e+002  4.5985635e+001
 -1.2391875e+002  4.5985545e+001
 -1.2391870e+002  4.5985486e+001
 -1.2391855e+002  4.5985394e+001
 -1.2391845e+002  4.5985278e+001
 -1.2391844e+002  4.5985070e+001
 -1.2391844e+002  4.5984862e+001
 -1.2391845e+002  4.5984653e+001
 -1.2391848e+002  4.5984445e+001
 -1.2391852e+002  4.5984237e+001
 -1.2391855e+002  4.5984057e+001
 -1.2391855e+002  4.5984028e+001
 -1.2391859e+002  4.5983820e+001
 -1.2391862e+002  4.5983612e+001
 -1.2391867e+002  4.5983403e+001
 -1.2391875e+002  4.5983234e+001
 -1.2391879e+002  4.5983195e+001
 -1.2391896e+002  4.5983080e+001
 -1.2391909e+002  4.5982987e+001
 -1.2391917e+002  4.5982952e+001
 -1.2391938e+002  4.5982898e+001
 -1.2391958e+002  4.5982975e+001
 -1.2391960e+002  4.5982987e+001
 -1.2391979e+002  4.5983176e+001
 -1.2392000e+002  4.5983084e+001
 -1.2392021e+002  4.5983179e+001
 -1.2392024e+002  4.5983195e+001
 -1.2392041e+002  4.5983251e+001
 -1.2392055e+002  4.5983195e+001
 -1.2392062e+002  4.5983143e+001
 -1.2392065e+002  4.5982987e+001
 -1.2392065e+002  4.5982778e+001
 -1.2392068e+002  4.5982570e+001
 -1.2392073e+002  4.5982362e+001
 -1.2392079e+002  4.5982153e+001
 -1.2392083e+002  4.5982116e+001
 -1.2392098e+002  4.5981945e+001
 -1.2392104e+002  4.5981891e+001
 -1.2392124e+002  4.5981760e+001
 -1.2392128e+002  4.5981737e+001
 -1.2392128e+002  4.5981529e+001
 -1.2392124e+002  4.5981492e+001
 -1.2392104e+002  4.5981349e+001
 -1.2392098e+002  4.5981320e+001
 -1.2392086e+002  4.5981112e+001
 -1.2392085e+002  4.5980904e+001
 -1.2392083e+002  4.5980851e+001
 -1.2392062e+002  4.5980881e+001
 -1.2392060e+002  4.5980904e+001
 -1.2392041e+002  4.5981011e+001
 -1.2392021e+002  4.5981006e+001
 -1.2392016e+002  4.5980904e+001
 -1.2392017e+002  4.5980695e+001
 -1.2392017e+002  4.5980487e+001
 -1.2392017e+002  4.5980279e+001
 -1.2392021e+002  4.5980149e+001
 -1.2392041e+002  4.5980131e+001
 -1.2392062e+002  4.5980167e+001
 -1.2392068e+002  4.5980070e+001
 -1.2392072e+002  4.5979862e+001
 -1.2392072e+002  4.5979654e+001
 -1.2392070e+002  4.5979445e+001
 -1.2392062e+002  4.5979308e+001
 -1.2392041e+002  4.5979386e+001
 -1.2392021e+002  4.5979445e+001
 -1.2392021e+002  4.5979452e+001
 -1.2392020e+002  4.5979445e+001
 -1.2392008e+002  4.5979237e+001
 -1.2392008e+002  4.5979029e+001
 -1.2392005e+002  4.5978821e+001
 -1.2392001e+002  4.5978612e+001
 -1.2392001e+002  4.5978404e+001
 -1.2392003e+002  4.5978196e+001
 -1.2392011e+002  4.5977987e+001
 -1.2392021e+002  4.5977900e+001
 -1.2392041e+002  4.5977800e+001
 -1.2392047e+002  4.5977779e+001
 -1.2392062e+002  4.5977726e+001
 -1.2392083e+002  4.5977614e+001
 -1.2392104e+002  4.5977588e+001
 -1.2392110e+002  4.5977571e+001
 -1.2392124e+002  4.5977485e+001
 -1.2392145e+002  4.5977402e+001
 -1.2392157e+002  4.5977362e+001
 -1.2392166e+002  4.5977325e+001
 -1.2392186e+002  4.5977286e+001
 -1.2392207e+002  4.5977263e+001
 -1.2392228e+002  4.5977220e+001
 -1.2392243e+002  4.5977154e+001
 -1.2392249e+002  4.5977126e+001
 -1.2392269e+002  4.5976984e+001
 -1.2392276e+002  4.5976946e+001
 -1.2392290e+002  4.5976810e+001
 -1.2392300e+002  4.5976737e+001
 -1.2392310e+002  4.5976529e+001
 -1.2392311e+002  4.5976521e+001
 -1.2392316e+002  4.5976321e+001
 -1.2392329e+002  4.5976113e+001
 -1.2392332e+002  4.5976072e+001
 -1.2392338e+002  4.5975904e+001
 -1.2392343e+002  4.5975696e+001
 -1.2392352e+002  4.5975498e+001
 -1.2392353e+002  4.5975488e+001
 -1.2392373e+002  4.5975282e+001
 -1.2392373e+002  4.5975279e+001
 -1.2392394e+002  4.5975100e+001
 -1.2392395e+002  4.5975071e+001
 -1.2392398e+002  4.5974863e+001
 -1.2392403e+002  4.5974654e+001
 -1.2392413e+002  4.5974446e+001
 -1.2392415e+002  4.5974399e+001
 -1.2392417e+002  4.5974238e+001
 -1.2392417e+002  4.5974029e+001
 -1.2392420e+002  4.5973821e+001
 -1.2392421e+002  4.5973613e+001
 -1.2392422e+002  4.5973405e+001
 -1.2392422e+002  4.5973196e+001
 -1.2392422e+002  4.5972988e+001
 -1.2392421e+002  4.5972780e+001
 -1.2392421e+002  4.5972571e+001
 -1.2392420e+002  4.5972363e+001
 -1.2392420e+002  4.5972155e+001
 -1.2392419e+002  4.5971998e+001
 -1.2393765e+002  4.5971998e+001
 -1.2393783e+002  4.5972107e+001
 -1.2393804e+002  4.5972059e+001
 -1.2393825e+002  4.5972132e+001
 -1.2393846e+002  4.5972099e+001
 -1.2393866e+002  4.5972040e+001
 -1.2393887e+002  4.5972111e+001
 -1.2393908e+002  4.5972124e+001
 -1.2393923e+002  4.5972155e+001
 -1.2393929e+002  4.5972173e+001
 -1.2393949e+002  4.5972220e+001
 -1.2393970e+002  4.5972363e+001
 -1.2393970e+002  4.5972364e+001
 -1.2393991e+002  4.5972504e+001
 -1.2394011e+002  4.5972550e+001
 -1.2394019e+002  4.5972571e+001
 -1.2394032e+002  4.5972590e+001
 -1.2394053e+002  4.5972642e+001
 -1.2394074e+002  4.5972696e+001
 -1.2394094e+002  4.5972714e+001
 -1.2394115e+002  4.5972737e+001
 -1.2394136e+002  4.5972769e+001
 -1.2394139e+002  4.5972780e+001
 -1.2394157e+002  4.5972806e+001
 -1.2394177e+002  4.5972812e+001
 -1.2394198e+002  4.5972840e+001
 -1.2394219e+002  4.5972870e+001
 -1.2394240e+002  4.5972862e+001
 -1.2394260e+002  4.5972820e+001
 -1.2394281e+002  4.5972795e+001
 -1.2394287e+002  4.5972780e+001
 -1.2394302e+002  4.5972715e+001
 -1.2394311e+002  4.5972780e+001
 -1.2394323e+002  4.5972837e+001
 -1.2394343e+002  4.5972985e+001
 -1.2394344e+002  4.5972988e+001
 -1.2394360e+002  4.5973196e+001
 -1.2394364e+002  4.5973249e+001
 -1.2394373e+002  4.5973405e+001
 -1.2394383e+002  4.5973613e+001
 -1.2394385e+002  4.5973674e+001
 -1.2394394e+002  4.5973821e+001
 -1.2394398e+002  4.5974029e+001
 -1.2394406e+002  4.5974155e+001
 -1.2394416e+002  4.5974238e+001
 -1.2394426e+002  4.5974266e+001
 -1.2394447e+002  4.5974351e+001
 -1.2394463e+002  4.5974446e+001
 -1.2394468e+002  4.5974461e+001
 -1.2394488e+002  4.5974471e+001
 -1.2394509e+002  4.5974510e+001
 -1.2394530e+002  4.5974647e+001
 -1.2394531e+002  4.5974654e+001
 -1.2394550e+002  4.5974768e+001
