 -1.2392886e+002  4.6019991e+001
 -1.2392884e+002  4.6019901e+001
 -1.2392884e+002  4.6019777e+001
 -1.2392882e+002  4.6019653e+001
 -1.2392881e+002  4.6019529e+001
 -1.2392882e+002  4.6019405e+001
 -1.2392881e+002  4.6019338e+001
 -1.2392880e+002  4.6019280e+001
 -1.2392877e+002  4.6019156e+001
 -1.2392873e+002  4.6019032e+001
 -1.2392871e+002  4.6018908e+001
 -1.2392870e+002  4.6018868e+001
 -1.2392867e+002  4.6018783e+001
 -1.2392863e+002  4.6018659e+001
 -1.2392861e+002  4.6018535e+001
 -1.2392859e+002  4.6018411e+001
 -1.2392859e+002  4.6018408e+001
 -1.2392856e+002  4.6018287e+001
 -1.2392853e+002  4.6018162e+001
 -1.2392850e+002  4.6018038e+001
 -1.2392848e+002  4.6017914e+001
 -1.2392848e+002  4.6017896e+001
 -1.2392845e+002  4.6017790e+001
 -1.2392843e+002  4.6017666e+001
 -1.2392842e+002  4.6017541e+001
 -1.2392840e+002  4.6017417e+001
 -1.2392840e+002  4.6017293e+001
 -1.2392840e+002  4.6017169e+001
 -1.2392838e+002  4.6017045e+001
 -1.2392837e+002  4.6016920e+001
 -1.2392837e+002  4.6016906e+001
 -1.2392832e+002  4.6016796e+001
 -1.2392828e+002  4.6016672e+001
 -1.2392825e+002  4.6016613e+001
 -1.2392820e+002  4.6016548e+001
 -1.2392814e+002  4.6016457e+001
 -1.2392811e+002  4.6016424e+001
 -1.2392804e+002  4.6016299e+001
 -1.2392803e+002  4.6016279e+001
 -1.2392798e+002  4.6016175e+001
 -1.2392792e+002  4.6016062e+001
 -1.2392792e+002  4.6016051e+001
 -1.2392783e+002  4.6015927e+001
 -1.2392781e+002  4.6015893e+001
 -1.2392771e+002  4.6015802e+001
 -1.2392770e+002  4.6015797e+001
 -1.2392759e+002  4.6015737e+001
 -1.2392748e+002  4.6015678e+001
 -1.2392748e+002  4.6015678e+001
 -1.2392736e+002  4.6015593e+001
 -1.2392731e+002  4.6015554e+001
 -1.2392725e+002  4.6015508e+001
 -1.2392714e+002  4.6015452e+001
 -1.2392709e+002  4.6015430e+001
 -1.2392703e+002  4.6015401e+001
 -1.2392692e+002  4.6015346e+001
 -1.2392687e+002  4.6015306e+001
 -1.2392681e+002  4.6015236e+001
 -1.2392676e+002  4.6015181e+001
 -1.2392670e+002  4.6015098e+001
 -1.2392666e+002  4.6015057e+001
 -1.2392659e+002  4.6015004e+001
 -1.2392647e+002  4.6014946e+001
 -1.2392645e+002  4.6014933e+001
 -1.2392636e+002  4.6014894e+001
 -1.2392625e+002  4.6014833e+001
 -1.2392619e+002  4.6014809e+001
 -1.2392614e+002  4.6014795e+001
 -1.2392603e+002  4.6014789e+001
 -1.2392592e+002  4.6014778e+001
 -1.2392581e+002  4.6014706e+001
 -1.2392579e+002  4.6014685e+001
 -1.2392570e+002  4.6014587e+001
 -1.2392564e+002  4.6014560e+001
 -1.2392558e+002  4.6014525e+001
 -1.2392557e+002  4.6014560e+001
 -1.2392549e+002  4.6014685e+001
 -1.2392547e+002  4.6014726e+001
 -1.2392543e+002  4.6014809e+001
 -1.2392536e+002  4.6014919e+001
 -1.2392536e+002  4.6014933e+001
 -1.2392535e+002  4.6015057e+001
 -1.2392536e+002  4.6015181e+001
 -1.2392536e+002  4.6015189e+001
 -1.2392547e+002  4.6015244e+001
 -1.2392558e+002  4.6015257e+001
 -1.2392570e+002  4.6015207e+001
 -1.2392579e+002  4.6015181e+001
 -1.2392581e+002  4.6015172e+001
 -1.2392582e+002  4.6015181e+001
 -1.2392592e+002  4.6015221e+001
 -1.2392600e+002  4.6015306e+001
 -1.2392603e+002  4.6015329e+001
 -1.2392614e+002  4.6015422e+001
 -1.2392615e+002  4.6015430e+001
 -1.2392625e+002  4.6015530e+001
 -1.2392627e+002  4.6015554e+001
 -1.2392636e+002  4.6015668e+001
 -1.2392637e+002  4.6015678e+001
 -1.2392647e+002  4.6015760e+001
 -1.2392653e+002  4.6015802e+001
 -1.2392659e+002  4.6015837e+001
 -1.2392670e+002  4.6015914e+001
 -1.2392671e+002  4.6015927e+001
 -1.2392681e+002  4.6016033e+001
 -1.2392682e+002  4.6016051e+001
 -1.2392689e+002  4.6016175e+001
 -1.2392692e+002  4.6016232e+001
 -1.2392696e+002  4.6016299e+001
 -1.2392703e+002  4.6016419e+001
 -1.2392703e+002  4.6016424e+001
 -1.2392714e+002  4.6016513e+001
 -1.2392719e+002  4.6016548e+001
 -1.2392725e+002  4.6016599e+001
 -1.2392733e+002  4.6016672e+001
 -1.2392736e+002  4.6016736e+001
 -1.2392740e+002  4.6016796e+001
 -1.2392746e+002  4.6016920e+001
 -1.2392748e+002  4.6016962e+001
 -1.2392753e+002  4.6017045e+001
 -1.2392758e+002  4.6017169e+001
 -1.2392759e+002  4.6017191e+001
 -1.2392764e+002  4.6017293e+001
 -1.2392768e+002  4.6017417e+001
 -1.2392770e+002  4.6017488e+001
 -1.2392772e+002  4.6017541e+001
 -1.2392779e+002  4.6017666e+001
 -1.2392781e+002  4.6017702e+001
 -1.2392787e+002  4.6017790e+001
 -1.2392790e+002  4.6017914e+001
 -1.2392792e+002  4.6018019e+001
 -1.2392792e+002  4.6018038e+001
 -1.2392793e+002  4.6018162e+001
 -1.2392795e+002  4.6018287e+001
 -1.2392795e+002  4.6018411e+001
 -1.2392795e+002  4.6018535e+001
 -1.2392798e+002  4.6018659e+001
 -1.2392800e+002  4.6018783e+001
 -1.2392802e+002  4.6018908e+001
 -1.2392803e+002  4.6018964e+001
 -1.2392805e+002  4.6019032e+001
 -1.2392806e+002  4.6019156e+001
 -1.2392809e+002  4.6019280e+001
 -1.2392803e+002  4.6019385e+001
 -1.2392803e+002  4.6019405e+001
 -1.2392803e+002  4.6019427e+001
 -1.2392809e+002  4.6019529e+001
 -1.2392806e+002  4.6019653e+001
 -1.2392803e+002  4.6019688e+001
 -1.2392802e+002  4.6019777e+001
 -1.2392803e+002  4.6019803e+001
 -1.2392814e+002  4.6019901e+001
 -1.2392803e+002  4.6019978e+001
 -1.2392802e+002  4.6019991e+001
 -1.2392622e+002  4.6019991e+001
 -1.2392617e+002  4.6019901e+001
 -1.2392614e+002  4.6019790e+001
 -1.2392614e+002  4.6019777e+001
 -1.2392608e+002  4.6019653e+001
 -1.2392605e+002  4.6019529e+001
 -1.2392603e+002  4.6019447e+001
 -1.2392602e+002  4.6019405e+001
 -1.2392599e+002  4.6019280e+001
 -1.2392596e+002  4.6019156e+001
 -1.2392592e+002  4.6019061e+001
 -1.2392590e+002  4.6019032e+001
 -1.2392583e+002  4.6018908e+001
 -1.2392581e+002  4.6018876e+001
 -1.2392576e+002  4.6018783e+001
 -1.2392572e+002  4.6018659e+001
 -1.2392570e+002  4.6018535e+001
 -1.2392570e+002  4.6018524e+001
 -1.2392568e+002  4.6018411e+001
 -1.2392566e+002  4.6018287e+001
 -1.2392561e+002  4.6018162e+001
 -1.2392558e+002  4.6018087e+001
 -1.2392556e+002  4.6018038e+001
 -1.2392551e+002  4.6017914e+001
 -1.2392548e+002  4.6017790e+001
 -1.2392547e+002  4.6017776e+001
 -1.2392542e+002  4.6017666e+001
 -1.2392537e+002  4.6017541e+001
 -1.2392536e+002  4.6017523e+001
 -1.2392531e+002  4.6017417e+001
 -1.2392525e+002  4.6017309e+001
 -1.2392524e+002  4.6017293e+001
 -1.2392520e+002  4.6017169e+001
 -1.2392518e+002  4.6017045e+001
 -1.2392516e+002  4.6016920e+001
 -1.2392514e+002  4.6016824e+001
 -1.2392514e+002  4.6016796e+001
 -1.2392511e+002  4.6016672e+001
 -1.2392507e+002  4.6016548e+001
 -1.2392503e+002  4.6016440e+001
 -1.2392501e+002  4.6016424e+001
 -1.2392492e+002  4.6016390e+001
 -1.2392481e+002  4.6016421e+001
 -1.2392480e+002  4.6016424e+001
 -1.2392470e+002  4.6016527e+001
 -1.2392468e+002  4.6016548e+001
 -1.2392458e+002  4.6016644e+001
 -1.2392451e+002  4.6016672e+001
 -1.2392447e+002  4.6016696e+001
 -1.2392436e+002  4.6016695e+001
 -1.2392428e+002  4.6016672e+001
 -1.2392425e+002  4.6016668e+001
 -1.2392414e+002  4.6016671e+001
 -1.2392414e+002  4.6016672e+001
 -1.2392406e+002  4.6016796e+001
 -1.2392403e+002  4.6016843e+001
 -1.2392392e+002  4.6016920e+001
 -1.2392392e+002  4.6016921e+001
 -1.2392381e+002  4.6017040e+001
 -1.2392380e+002  4.6017045e+001
 -1.2392369e+002  4.6017099e+001
 -1.2392358e+002  4.6017130e+001
 -1.2392351e+002  4.6017169e+001
 -1.2392347e+002  4.6017216e+001
 -1.2392337e+002  4.6017293e+001
 -1.2392336e+002  4.6017303e+001
 -1.2392325e+002  4.6017375e+001
 -1.2392314e+002  4.6017411e+001
 -1.2392312e+002  4.6017417e+001
 -1.2392303e+002  4.6017459e+001
 -1.2392293e+002  4.6017541e+001
 -1.2392292e+002  4.6017567e+001
 -1.2392280e+002  4.6017658e+001
 -1.2392278e+002  4.6017666e+001
 -1.2392269e+002  4.6017691e+001
 -1.2392258e+002  4.6017708e+001
 -1.2392247e+002  4.6017730e+001
 -1.2392238e+002  4.6017790e+001
 -1.2392236e+002  4.6017824e+001
 -1.2392225e+002  4.6017914e+001
 -1.2392225e+002  4.6017919e+001
 -1.2392214e+002  4.6018008e+001
 -1.2392210e+002  4.6018038e+001
 -1.2392203e+002  4.6018127e+001
 -1.2392200e+002  4.6018162e+001
 -1.2392191e+002  4.6018258e+001
 -1.2392190e+002  4.6018287e+001
 -1.2392187e+002  4.6018411e+001
 -1.2392183e+002  4.6018535e+001
 -1.2392180e+002  4.6018626e+001
 -1.2392179e+002  4.6018659e+001
 -1.2392174e+002  4.6018783e+001
 -1.2392169e+002  4.6018838e+001
 -1.2392164e+002  4.6018908e+001
 -1.2392158e+002  4.6019032e+001
 -1.2392158e+002  4.6019042e+001
 -1.2392155e+002  4.6019156e+001
 -1.2392155e+002  4.6019280e+001
 -1.2392155e+002  4.6019405e+001
 -1.2392157e+002  4.6019529e+001
 -1.2392158e+002  4.6019588e+001
 -1.2392160e+002  4.6019653e+001
 -1.2392166e+002  4.6019777e+001
 -1.2392169e+002  4.6019818e+001
 -1.2392177e+002  4.6019901e+001
 -1.2392180e+002  4.6019977e+001
 -1.2390439e+002  4.6019991e+001
 -1.2390443e+002  4.6019901e+001
 -1.2390445e+002  4.6019876e+001
 -1.2390451e+002  4.6019777e+001
 -1.2390453e+002  4.6019653e+001
 -1.2390455e+002  4.6019529e+001
 -1.2390454e+002  4.6019405e+001
 -1.2390453e+002  4.6019280e+001
 -1.2390451e+002  4.6019156e+001
 -1.2390447e+002  4.6019032e+001
 -1.2390445e+002  4.6018991e+001
 -1.2390440e+002  4.6018908e+001
 -1.2390434e+002  4.6018805e+001
 -1.2390432e+002  4.6018783e+001
 -1.2390425e+002  4.6018659e+001
 -1.2390423e+002  4.6018586e+001
 -1.2390421e+002  4.6018535e+001
 -1.2390418e+002  4.6018411e+001
 -1.2390414e+002  4.6018287e+001
 -1.2390412e+002  4.6018250e+001
 -1.2390407e+002  4.6018162e+001
 -1.2390401e+002  4.6018038e+001
 -1.2390401e+002  4.6018022e+001
 -1.2390396e+002  4.6017914e+001
 -1.2390392e+002  4.6017790e+001
 -1.2390390e+002  4.6017723e+001
 -1.2390386e+002  4.6017666e+001
 -1.2390381e+002  4.6017541e+001
 -1.2390378e+002  4.6017468e+001
 -1.2390375e+002  4.6017417e+001
 -1.2390369e+002  4.6017293e+001
 -1.2390367e+002  4.6017253e+001
 -1.2390362e+002  4.6017169e+001
 -1.2390365e+002  4.6017045e+001
 -1.2390367e+002  4.6016997e+001
 -1.2390370e+002  4.6016920e+001
 -1.2390375e+002  4.6016796e+001
 -1.2390378e+002  4.6016738e+001
 -1.2390383e+002  4.6016672e+001
 -1.2390390e+002  4.6016584e+001
 -1.2390392e+002  4.6016548e+001
 -1.2390401e+002  4.6016430e+001
 -1.2390401e+002  4.6016424e+001
 -1.2390409e+002  4.6016299e+001
 -1.2390412e+002  4.6016250e+001
 -1.2390415e+002  4.6016175e+001
 -1.2390423e+002  4.6016066e+001
 -1.2390424e+002  4.6016051e+001
 -1.2390434e+002  4.6015958e+001
 -1.2390438e+002  4.6015927e+001
 -1.2390445e+002  4.6015876e+001
 -1.2390451e+002  4.6015802e+001
 -1.2390456e+002  4.6015704e+001
 -1.2390458e+002  4.6015678e+001
 -1.2390467e+002  4.6015587e+001
 -1.2390475e+002  4.6015554e+001
 -1.2390479e+002  4.6015531e+001
 -1.2390490e+002  4.6015468e+001
 -1.2390494e+002  4.6015430e+001
 -1.2390500e+002  4.6015306e+001
 -1.2390501e+002  4.6015289e+001
 -1.2390503e+002  4.6015181e+001
 -1.2390505e+002  4.6015057e+001
 -1.2390508e+002  4.6014933e+001
 -1.2390511e+002  4.6014809e+001
 -1.2390512e+002  4.6014768e+001
 -1.2390513e+002  4.6014685e+001
 -1.2390515e+002  4.6014560e+001
 -1.2390516e+002  4.6014436e+001
 -1.2390516e+002  4.6014312e+001
 -1.2390515e+002  4.6014188e+001
 -1.2390515e+002  4.6014064e+001
 -1.2390514e+002  4.6013939e+001
 -1.2390514e+002  4.6013815e+001
 -1.2390514e+002  4.6013691e+001
 -1.2390513e+002  4.6013567e+001
 -1.2390512e+002  4.6013452e+001
 -1.2390512e+002  4.6013443e+001
 -1.2390510e+002  4.6013318e+001
 -1.2390508e+002  4.6013194e+001
 -1.2390506e+002  4.6013070e+001
 -1.2390502e+002  4.6012946e+001
 -1.2390501e+002  4.6012913e+001
 -1.2390497e+002  4.6012821e+001
 -1.2390491e+002  4.6012697e+001
 -1.2390490e+002  4.6012681e+001
 -1.2390481e+002  4.6012573e+001
 -1.2390479e+002  4.6012549e+001
 -1.2390468e+002  4.6012449e+001
 -1.2390467e+002  4.6012446e+001
 -1.2390461e+002  4.6012325e+001
 -1.2390456e+002  4.6012275e+001
 -1.2390451e+002  4.6012200e+001
 -1.2390445e+002  4.6012156e+001
 -1.2390434e+002  4.6012084e+001
 -1.2390433e+002  4.6012076e+001
 -1.2390423e+002  4.6012010e+001
 -1.2390416e+002  4.6011952e+001
 -1.2390412e+002  4.6011933e+001
 -1.2390401e+002  4.6011932e+001
 -1.2390390e+002  4.6011929e+001
 -1.2390378e+002  4.6011909e+001
 -1.2390367e+002  4.6011866e+001
 -1.2390358e+002  4.6011828e+001
 -1.2390356e+002  4.6011823e+001
 -1.2390345e+002  4.6011810e+001
 -1.2390334e+002  4.6011802e+001
 -1.2390323e+002  4.6011762e+001
 -1.2390315e+002  4.6011704e+001
 -1.2390312e+002  4.6011682e+001
 -1.2390301e+002  4.6011608e+001
 -1.2390296e+002  4.6011579e+001
 -1.2390289e+002  4.6011548e+001
 -1.2390278e+002  4.6011470e+001
 -1.2390277e+002  4.6011455e+001
 -1.2390267e+002  4.6011394e+001
 -1.2390259e+002  4.6011331e+001
 -1.2390256e+002  4.6011315e+001
 -1.2390245e+002  4.6011260e+001
 -1.2390237e+002  4.6011207e+001
 -1.2390234e+002  4.6011179e+001
 -1.2390227e+002  4.6011083e+001
 -1.2390223e+002  4.6011040e+001
 -1.2390212e+002  4.6011007e+001
 -1.2390201e+002  4.6010997e+001
 -1.2390189e+002  4.6010976e+001
 -1.2390186e+002  4.6010958e+001
 -1.2390178e+002  4.6010941e+001
 -1.2390167e+002  4.6010923e+001
 -1.2390162e+002  4.6010958e+001
 -1.2390156e+002  4.6011010e+001
 -1.2390145e+002  4.6011067e+001
 -1.2390134e+002  4.6011075e+001
 -1.2390123e+002  4.6011059e+001
 -1.2390112e+002  4.6011016e+001
 -1.2390100e+002  4.6011005e+001
 -1.2390089e+002  4.6011017e+001
 -1.2390078e+002  4.6011035e+001
 -1.2390067e+002  4.6011069e+001
 -1.2390063e+002  4.6011083e+001
 -1.2390056e+002  4.6011127e+001
 -1.2390045e+002  4.6011179e+001
 -1.2390036e+002  4.6011207e+001
 -1.2390034e+002  4.6011216e+001
 -1.2390023e+002  4.6011243e+001
 -1.2390011e+002  4.6011271e+001
 -1.2390000e+002  4.6011294e+001
 -1.2389989e+002  4.6011330e+001
 -1.2389989e+002  4.6011331e+001
 -1.2389978e+002  4.6011389e+001
 -1.2389967e+002  4.6011428e+001
 -1.2389958e+002  4.6011455e+001
 -1.2389956e+002  4.6011464e+001
 -1.2389945e+002  4.6011495e+001
 -1.2389934e+002  4.6011510e+001
 -1.2389922e+002  4.6011508e+001
 -1.2389911e+002  4.6011488e+001
 -1.2389900e+002  4.6011459e+001
 -1.2389899e+002  4.6011455e+001
 -1.2389889e+002  4.6011427e+001
 -1.2389878e+002  4.6011384e+001
 -1.2389870e+002  4.6011331e+001
 -1.2389867e+002  4.6011322e+001
 -1.2389856e+002  4.6011288e+001
 -1.2389845e+002  4.6011283e+001
 -1.2389833e+002  4.6011272e+001
 -1.2389822e+002  4.6011255e+001
 -1.2389812e+002  4.6011207e+001
 -1.2389811e+002  4.6011201e+001
 -1.2389800e+002  4.6011083e+001
 -1.2389800e+002  4.6011080e+001
 -1.2389789e+002  4.6010964e+001
 -1.2389789e+002  4.6010958e+001
 -1.2389785e+002  4.6010834e+001
 -1.2389783e+002  4.6010710e+001
 -1.2389783e+002  4.6010586e+001
 -1.2389786e+002  4.6010461e+001
 -1.2389789e+002  4.6010407e+001
 -1.2389795e+002  4.6010337e+001
 -1.2389800e+002  4.6010300e+001
 -1.2389811e+002  4.6010223e+001
 -1.2389813e+002  4.6010213e+001
 -1.2389822e+002  4.6010140e+001
 -1.2389833e+002  4.6010089e+001
 -1.2389833e+002  4.6010086e+001
 -1.2389845e+002  4.6010037e+001
 -1.2389856e+002  4.6010006e+001
 -1.2389864e+002  4.6009965e+001
 -1.2389867e+002  4.6009937e+001
 -1.2389875e+002  4.6009840e+001
 -1.2389878e+002  4.6009800e+001
 -1.2389882e+002  4.6009716e+001
 -1.2389886e+002  4.6009592e+001
 -1.2389889e+002  4.6009535e+001
 -1.2389891e+002  4.6009468e+001
 -1.2389891e+002  4.6009344e+001
 -1.2389892e+002  4.6009219e+001
 -1.2389894e+002  4.6009095e+001
 -1.2389900e+002  4.6008986e+001
 -1.2389902e+002  4.6008971e+001
 -1.2389911e+002  4.6008895e+001
 -1.2389919e+002  4.6008847e+001
 -1.2389922e+002  4.6008821e+001
 -1.2389934e+002  4.6008760e+001
 -1.2389945e+002  4.6008723e+001
 -1.2389945e+002  4.6008722e+001
 -1.2389956e+002  4.6008687e+001
 -1.2389967e+002  4.6008679e+001
 -1.2389978e+002  4.6008693e+001
 -1.2389987e+002  4.6008723e+001
 -1.2389989e+002  4.6008731e+001
 -1.2390000e+002  4.6008742e+001
 -1.2390003e+002  4.6008723e+001
 -1.2390011e+002  4.6008652e+001
 -1.2390017e+002  4.6008598e+001
 -1.2390023e+002  4.6008532e+001
 -1.2390027e+002  4.6008474e+001
 -1.2390034e+002  4.6008405e+001
 -1.2390039e+002  4.6008350e+001
 -1.2390045e+002  4.6008298e+001
 -1.2390051e+002  4.6008226e+001
 -1.2390056e+002  4.6008186e+001
 -1.2390060e+002  4.6008102e+001
 -1.2390061e+002  4.6007977e+001
 -1.2390061e+002  4.6007853e+001
 -1.2390062e+002  4.6007729e+001
 -1.2390063e+002  4.6007605e+001
 -1.2390066e+002  4.6007480e+001
 -1.2390067e+002  4.6007430e+001
 -1.2390069e+002  4.6007356e+001
 -1.2390078e+002  4.6007232e+001
 -1.2390078e+002  4.6007229e+001
 -1.2390089e+002  4.6007113e+001
 -1.2390090e+002  4.6007108e+001
 -1.2390100e+002  4.6007062e+001
 -1.2390112e+002  4.6007040e+001
 -1.2390123e+002  4.6007007e+001
 -1.2390132e+002  4.6006984e+001
 -1.2390134e+002  4.6006976e+001
 -1.2390145e+002  4.6006908e+001
 -1.2390156e+002  4.6006880e+001
 -1.2390167e+002  4.6006879e+001
 -1.2390178e+002  4.6006896e+001
 -1.2390189e+002  4.6006909e+001
 -1.2390200e+002  4.6006859e+001
 -1.2390201e+002  4.6006852e+001
 -1.2390212e+002  4.6006776e+001
 -1.2390219e+002  4.6006735e+001
 -1.2390223e+002  4.6006717e+001
 -1.2390234e+002  4.6006623e+001
 -1.2390235e+002  4.6006611e+001
 -1.2390245e+002  4.6006520e+001
 -1.2390253e+002  4.6006487e+001
 -1.2390256e+002  4.6006471e+001
 -1.2390267e+002  4.6006430e+001
 -1.2390278e+002  4.6006383e+001
 -1.2390280e+002  4.6006363e+001
 -1.2390285e+002  4.6006238e+001
 -1.2390289e+002  4.6006172e+001
 -1.2390295e+002  4.6006114e+001
 -1.2390301e+002  4.6006059e+001
 -1.2390308e+002  4.6005990e+001
 -1.2390312e+002  4.6005958e+001
 -1.2390323e+002  4.6005876e+001
 -1.2390325e+002  4.6005866e+001
 -1.2390334e+002  4.6005790e+001
 -1.2390340e+002  4.6005742e+001
 -1.2390345e+002  4.6005700e+001
 -1.2390356e+002  4.6005626e+001
 -1.2390358e+002  4.6005617e+001
 -1.2390367e+002  4.6005550e+001
 -1.2390378e+002  4.6005493e+001
 -1.2390378e+002  4.6005492e+001
 -1.2390390e+002  4.6005452e+001
 -1.2390401e+002  4.6005449e+001
 -1.2390412e+002  4.6005436e+001
 -1.2390423e+002  4.6005395e+001
 -1.2390429e+002  4.6005369e+001
 -1.2390434e+002  4.6005346e+001
 -1.2390445e+002  4.6005309e+001
 -1.2390456e+002  4.6005279e+001
 -1.2390464e+002  4.6005245e+001
 -1.2390466e+002  4.6005121e+001
 -1.2390460e+002  4.6004996e+001
 -1.2390456e+002  4.6004922e+001
 -1.2390453e+002  4.6004872e+001
 -1.2390445e+002  4.6004761e+001
 -1.2390444e+002  4.6004748e+001
 -1.2390434e+002  4.6004661e+001
 -1.2390430e+002  4.6004624e+001
 -1.2390423e+002  4.6004530e+001
 -1.2390420e+002  4.6004499e+001
 -1.2390414e+002  4.6004375e+001
 -1.2390412e+002  4.6004311e+001
 -1.2390410e+002  4.6004251e+001
 -1.2390411e+002  4.6004127e+001
 -1.2390412e+002  4.6004115e+001
 -1.2390423e+002  4.6004042e+001
 -1.2390431e+002  4.6004003e+001
 -1.2390434e+002  4.6003992e+001
 -1.2390445e+002  4.6003952e+001
 -1.2390456e+002  4.6003894e+001
 -1.2390460e+002  4.6003878e+001
 -1.2390467e+002  4.6003819e+001
 -1.2390479e+002  4.6003757e+001
 -1.2390479e+002  4.6003754e+001
 -1.2390490e+002  4.6003712e+001
 -1.2390501e+002  4.6003693e+001
 -1.2390512e+002  4.6003677e+001
 -1.2390523e+002  4.6003667e+001
 -1.2390532e+002  4.6003630e+001
 -1.2390534e+002  4.6003605e+001
 -1.2390545e+002  4.6003525e+001
 -1.2390548e+002  4.6003506e+001
 -1.2390556e+002  4.6003442e+001
 -1.2390561e+002  4.6003382e+001
 -1.2390564e+002  4.6003257e+001
 -1.2390566e+002  4.6003133e+001
 -1.2390568e+002  4.6003074e+001
 -1.2390569e+002  4.6003009e+001
 -1.2390571e+002  4.6002885e+001
 -1.2390574e+002  4.6002761e+001
 -1.2390574e+002  4.6002636e+001
 -1.2390574e+002  4.6002512e+001
 -1.2390570e+002  4.6002388e+001
 -1.2390569e+002  4.6002264e+001
 -1.2390572e+002  4.6002139e+001
 -1.2390579e+002  4.6002070e+001
 -1.2390587e+002  4.6002015e+001
 -1.2390590e+002  4.6001996e+001
 -1.2390601e+002  4.6001946e+001
 -1.2390612e+002  4.6001940e+001
 -1.2390623e+002  4.6001996e+001
 -1.2390626e+002  4.6002015e+001
 -1.2390634e+002  4.6002078e+001
 -1.2390641e+002  4.6002139e+001
 -1.2390645e+002  4.6002173e+001
 -1.2390654e+002  4.6002264e+001
 -1.2390657e+002  4.6002277e+001
 -1.2390668e+002  4.6002339e+001
 -1.2390678e+002  4.6002388e+001
 -1.2390679e+002  4.6002391e+001
 -1.2390690e+002  4.6002447e+001
 -1.2390701e+002  4.6002486e+001
 -1.2390709e+002  4.6002512e+001
 -1.2390712e+002  4.6002516e+001
 -1.2390723e+002  4.6002525e+001
 -1.2390729e+002  4.6002512e+001
 -1.2390734e+002  4.6002478e+001
 -1.2390746e+002  4.6002435e+001
 -1.2390757e+002  4.6002416e+001
 -1.2390768e+002  4.6002404e+001
 -1.2390775e+002  4.6002388e+001
 -1.2390779e+002  4.6002375e+001
 -1.2390790e+002  4.6002306e+001
 -1.2390801e+002  4.6002264e+001
 -1.2390801e+002  4.6002260e+001
 -1.2390812e+002  4.6002179e+001
 -1.2390820e+002  4.6002139e+001
 -1.2390823e+002  4.6002118e+001
 -1.2390834e+002  4.6002039e+001
 -1.2390837e+002  4.6002015e+001
 -1.2390844e+002  4.6001891e+001
 -1.2390846e+002  4.6001862e+001
 -1.2390851e+002  4.6001767e+001
 -1.2390857e+002  4.6001713e+001
 -1.2390863e+002  4.6001643e+001
 -1.2390868e+002  4.6001562e+001
 -1.2390870e+002  4.6001518e+001
 -1.2390879e+002  4.6001400e+001
 -1.2390879e+002  4.6001394e+001
 -1.2390890e+002  4.6001278e+001
 -1.2390891e+002  4.6001270e+001
 -1.2390900e+002  4.6001146e+001
 -1.2390901e+002  4.6001125e+001
 -1.2390909e+002  4.6001022e+001
 -1.2390912e+002  4.6000979e+001
 -1.2390921e+002  4.6000897e+001
 -1.2390923e+002  4.6000877e+001
 -1.2390932e+002  4.6000773e+001
 -1.2390935e+002  4.6000749e+001
 -1.2390942e+002  4.6000649e+001
 -1.2390946e+002  4.6000613e+001
 -1.2390951e+002  4.6000525e+001
 -1.2390957e+002  4.6000401e+001
 -1.2390957e+002  4.6000397e+001
 -1.2390963e+002  4.6000276e+001
 -1.2390968e+002  4.6000222e+001
 -1.2390979e+002  4.6000161e+001
 -1.2390981e+002  4.6000152e+001
 -1.2390990e+002  4.6000083e+001
 -1.2390996e+002  4.6000028e+001
 -1.2391001e+002  4.5999979e+001
 -1.2391008e+002  4.5999904e+001
 -1.2391012e+002  4.5999860e+001
 -1.2391020e+002  4.5999780e+001
 -1.2391024e+002  4.5999727e+001
 -1.2391028e+002  4.5999655e+001
 -1.2391035e+002  4.5999547e+001
 -1.2391035e+002  4.5999531e+001
 -1.2391041e+002  4.5999407e+001
 -1.2391046e+002  4.5999305e+001
 -1.2391047e+002  4.5999283e+001
 -1.2391052e+002  4.5999158e+001
 -1.2391056e+002  4.5999034e+001
 -1.2391057e+002  4.5999007e+001
 -1.2391060e+002  4.5998910e+001
 -1.2391066e+002  4.5998786e+001
 -1.2391068e+002  4.5998706e+001
 -1.2391069e+002  4.5998662e+001
 -1.2391068e+002  4.5998561e+001
 -1.2391068e+002  4.5998537e+001
 -1.2391063e+002  4.5998413e+001
 -1.2391058e+002  4.5998289e+001
 -1.2391057e+002  4.5998278e+001
 -1.2391046e+002  4.5998165e+001
 -1.2391046e+002  4.5998163e+001
 -1.2391035e+002  4.5998086e+001
 -1.2391029e+002  4.5998041e+001
 -1.2391024e+002  4.5998015e+001
 -1.2391012e+002  4.5997977e+001
 -1.2391001e+002  4.5997920e+001
 -1.2391001e+002  4.5997916e+001
 -1.2390990e+002  4.5997883e+001
 -1.2390979e+002  4.5997838e+001
 -1.2390972e+002  4.5997792e+001
 -1.2390968e+002  4.5997779e+001
 -1.2390957e+002  4.5997758e+001
 -1.2390946e+002  4.5997731e+001
 -1.2390935e+002  4.5997719e+001
 -1.2390923e+002  4.5997698e+001
 -1.2390915e+002  4.5997668e+001
 -1.2390912e+002  4.5997658e+001
 -1.2390901e+002  4.5997581e+001
 -1.2390898e+002  4.5997544e+001
 -1.2390890e+002  4.5997485e+001
 -1.2390879e+002  4.5997448e+001
 -1.2390871e+002  4.5997420e+001
 -1.2390868e+002  4.5997412e+001
 -1.2390857e+002  4.5997368e+001
 -1.2390849e+002  4.5997295e+001
 -1.2390846e+002  4.5997263e+001
 -1.2390840e+002  4.5997171e+001
 -1.2390834e+002  4.5997099e+001
 -1.2390828e+002  4.5997047e+001
 -1.2390823e+002  4.5996945e+001
 -1.2390822e+002  4.5996923e+001
 -1.2390823e+002  4.5996879e+001
 -1.2390825e+002  4.5996799e+001
 -1.2390834e+002  4.5996680e+001
 -1.2390835e+002  4.5996674e+001
 -1.2390840e+002  4.5996550e+001
 -1.2390846e+002  4.5996480e+001
 -1.2390851e+002  4.5996426e+001
 -1.2390857e+002  4.5996368e+001
 -1.2390865e+002  4.5996302e+001
 -1.2390868e+002  4.5996280e+001
 -1.2390879e+002  4.5996216e+001
 -1.2390885e+002  4.5996177e+001
 -1.2390890e+002  4.5996147e+001
 -1.2390898e+002  4.5996053e+001
 -1.2390901e+002  4.5995999e+001
 -1.2390908e+002  4.5995929e+001
 -1.2390912e+002  4.5995897e+001
 -1.2390923e+002  4.5995827e+001
 -1.2390927e+002  4.5995805e+001
 -1.2390935e+002  4.5995741e+001
 -1.2390941e+002  4.5995681e+001
 -1.2390946e+002  4.5995641e+001
 -1.2390951e+002  4.5995556e+001
 -1.2390957e+002  4.5995442e+001
 -1.2390958e+002  4.5995432e+001
 -1.2390968e+002  4.5995365e+001
 -1.2390978e+002  4.5995308e+001
 -1.2390979e+002  4.5995295e+001
 -1.2390990e+002  4.5995214e+001
 -1.2391000e+002  4.5995184e+001
 -1.2391001e+002  4.5995179e+001
 -1.2391012e+002  4.5995150e+001
 -1.2391024e+002  4.5995139e+001
 -1.2391035e+002  4.5995126e+001
 -1.2391046e+002  4.5995124e+001
 -1.2391057e+002  4.5995130e+001
 -1.2391068e+002  4.5995127e+001
 -1.2391079e+002  4.5995126e+001
 -1.2391090e+002  4.5995122e+001
 -1.2391101e+002  4.5995118e+001
 -1.2391113e+002  4.5995105e+001
 -1.2391121e+002  4.5995060e+001
 -1.2391124e+002  4.5995030e+001
 -1.2391135e+002  4.5994935e+001
 -1.2391135e+002  4.5994932e+001
 -1.2391146e+002  4.5994856e+001
 -1.2391157e+002  4.5994816e+001
 -1.2391158e+002  4.5994811e+001
 -1.2391168e+002  4.5994752e+001
 -1.2391173e+002  4.5994687e+001
 -1.2391178e+002  4.5994563e+001
 -1.2391179e+002  4.5994533e+001
 -1.2391190e+002  4.5994439e+001
 -1.2391190e+002  4.5994428e+001
 -1.2391197e+002  4.5994314e+001
 -1.2391202e+002  4.5994260e+001
 -1.2391208e+002  4.5994190e+001
 -1.2391213e+002  4.5994146e+001
 -1.2391221e+002  4.5994066e+001
 -1.2391224e+002  4.5994041e+001
 -1.2391232e+002  4.5993942e+001
 -1.2391235e+002  4.5993879e+001
 -1.2391239e+002  4.5993817e+001
 -1.2391246e+002  4.5993727e+001
 -1.2391249e+002  4.5993693e+001
 -1.2391257e+002  4.5993588e+001
 -1.2391258e+002  4.5993569e+001
 -1.2391267e+002  4.5993445e+001
 -1.2391268e+002  4.5993428e+001
 -1.2391276e+002  4.5993321e+001
 -1.2391279e+002  4.5993262e+001
 -1.2391281e+002  4.5993196e+001
 -1.2391284e+002  4.5993072e+001
 -1.2391284e+002  4.5992948e+001
 -1.2391284e+002  4.5992824e+001
 -1.2391283e+002  4.5992700e+001
 -1.2391284e+002  4.5992575e+001
 -1.2391286e+002  4.5992451e+001
 -1.2391291e+002  4.5992338e+001
 -1.2391291e+002  4.5992327e+001
 -1.2391302e+002  4.5992219e+001
 -1.2391303e+002  4.5992203e+001
 -1.2391309e+002  4.5992079e+001
 -1.2391313e+002  4.5992022e+001
 -1.2391317e+002  4.5991954e+001
 -1.2391324e+002  4.5991860e+001
 -1.2391326e+002  4.5991830e+001
 -1.2391335e+002  4.5991722e+001
 -1.2391336e+002  4.5991706e+001
 -1.2391337e+002  4.5991582e+001
 -1.2391339e+002  4.5991458e+001
 -1.2391341e+002  4.5991333e+001
 -1.2391343e+002  4.5991209e+001
 -1.2391345e+002  4.5991085e+001
 -1.2391346e+002  4.5991052e+001
 -1.2391349e+002  4.5990961e+001
 -1.2391354e+002  4.5990836e+001
 -1.2391357e+002  4.5990792e+001
 -1.2391361e+002  4.5990712e+001
 -1.2391367e+002  4.5990588e+001
 -1.2391368e+002  4.5990525e+001
 -1.2391369e+002  4.5990464e+001
 -1.2391371e+002  4.5990340e+001
 -1.2391373e+002  4.5990215e+001
 -1.2391375e+002  4.5990091e+001
 -1.2391378e+002  4.5989967e+001
 -1.2391378e+002  4.5989843e+001
 -1.2391376e+002  4.5989719e+001
 -1.2391372e+002  4.5989594e+001
 -1.2391369e+002  4.5989470e+001
 -1.2391368e+002  4.5989435e+001
 -1.2391366e+002  4.5989346e+001
 -1.2391363e+002  4.5989222e+001
 -1.2391359e+002  4.5989098e+001
 -1.2391357e+002  4.5989043e+001
 -1.2391354e+002  4.5988973e+001
 -1.2391349e+002  4.5988849e+001
 -1.2391346e+002  4.5988735e+001
 -1.2391346e+002  4.5988725e+001
 -1.2391342e+002  4.5988601e+001
 -1.2391335e+002  4.5988495e+001
 -1.2391333e+002  4.5988477e+001
 -1.2391324e+002  4.5988402e+001
 -1.2391317e+002  4.5988352e+001
 -1.2391313e+002  4.5988333e+001
 -1.2391302e+002  4.5988296e+001
 -1.2391291e+002  4.5988285e+001
 -1.2391279e+002  4.5988272e+001
 -1.2391268e+002  4.5988268e+001
 -1.2391257e+002  4.5988262e+001
 -1.2391246e+002  4.5988253e+001
 -1.2391235e+002  4.5988248e+001
 -1.2391224e+002  4.5988239e+001
 -1.2391213e+002  4.5988236e+001
 -1.2391202e+002  4.5988231e+001
 -1.2391198e+002  4.5988228e+001
 -1.2391190e+002  4.5988224e+001
 -1.2391179e+002  4.5988218e+001
 -1.2391168e+002  4.5988208e+001
 -1.2391157e+002  4.5988194e+001
 -1.2391146e+002  4.5988169e+001
 -1.2391135e+002  4.5988122e+001
 -1.2391133e+002  4.5988104e+001
 -1.2391124e+002  4.5988046e+001
 -1.2391113e+002  4.5987984e+001
 -1.2391110e+002  4.5987980e+001
 -1.2391101e+002  4.5987963e+001
 -1.2391090e+002  4.5987951e+001
 -1.2391079e+002  4.5987935e+001
 -1.2391068e+002  4.5987895e+001
 -1.2391062e+002  4.5987855e+001
 -1.2391057e+002  4.5987808e+001
 -1.2391050e+002  4.5987731e+001
 -1.2391046e+002  4.5987669e+001
 -1.2391042e+002  4.5987607e+001
 -1.2391037e+002  4.5987483e+001
 -1.2391035e+002  4.5987395e+001
 -1.2391034e+002  4.5987359e+001
 -1.2391033e+002  4.5987234e+001
 -1.2391035e+002  4.5987183e+001
 -1.2391036e+002  4.5987110e+001
 -1.2391042e+002  4.5986986e+001
 -1.2391046e+002  4.5986905e+001
 -1.2391048e+002  4.5986862e+001
 -1.2391054e+002  4.5986738e+001
 -1.2391057e+002  4.5986704e+001
 -1.2391062e+002  4.5986613e+001
 -1.2391068e+002  4.5986552e+001
 -1.2391079e+002  4.5986489e+001
 -1.2391079e+002  4.5986489e+001
 -1.2391090e+002  4.5986445e+001
 -1.2391101e+002  4.5986409e+001
 -1.2391113e+002  4.5986381e+001
 -1.2391117e+002  4.5986365e+001
 -1.2391124e+002  4.5986322e+001
 -1.2391135e+002  4.5986281e+001
 -1.2391146e+002  4.5986252e+001
 -1.2391152e+002  4.5986241e+001
 -1.2391157e+002  4.5986231e+001
 -1.2391168e+002  4.5986214e+001
 -1.2391179e+002  4.5986185e+001
 -1.2391190e+002  4.5986161e+001
 -1.2391202e+002  4.5986141e+001
 -1.2391213e+002  4.5986131e+001
 -1.2391224e+002  4.5986129e+001
 -1.2391234e+002  4.5986117e+001
 -1.2391235e+002  4.5986114e+001
 -1.2391246e+002  4.5986099e+001
 -1.2391257e+002  4.5986076e+001
 -1.2391268e+002  4.5986066e+001
 -1.2391279e+002  4.5986058e+001
 -1.2391291e+002  4.5986020e+001
 -1.2391302e+002  4.5985993e+001
 -1.2391302e+002  4.5985992e+001
 -1.2391313e+002  4.5985966e+001
 -1.2391324e+002  4.5985949e+001
 -1.2391335e+002  4.5985931e+001
 -1.2391346e+002  4.5985881e+001
 -1.2391349e+002  4.5985868e+001
 -1.2391357e+002  4.5985791e+001
 -1.2391365e+002  4.5985744e+001
 -1.2391368e+002  4.5985714e+001
 -1.2391380e+002  4.5985660e+001
 -1.2391391e+002  4.5985622e+001
 -1.2391391e+002  4.5985620e+001
 -1.2391402e+002  4.5985550e+001
 -1.2391410e+002  4.5985495e+001
 -1.2391413e+002  4.5985471e+001
 -1.2391424e+002  4.5985420e+001
 -1.2391435e+002  4.5985393e+001
 -1.2391446e+002  4.5985374e+001
 -1.2391447e+002  4.5985371e+001
 -1.2391457e+002  4.5985344e+001
 -1.2391468e+002  4.5985319e+001
 -1.2391480e+002  4.5985291e+001
 -1.2391491e+002  4.5985269e+001
 -1.2391502e+002  4.5985252e+001
 -1.2391503e+002  4.5985247e+001
 -1.2391513e+002  4.5985197e+001
 -1.2391524e+002  4.5985162e+001
 -1.2391535e+002  4.5985151e+001
 -1.2391546e+002  4.5985133e+001
 -1.2391549e+002  4.5985123e+001
 -1.2391557e+002  4.5985072e+001
 -1.2391563e+002  4.5984999e+001
 -1.2391569e+002  4.5984943e+001
 -1.2391580e+002  4.5984881e+001
 -1.2391591e+002  4.5984880e+001
 -1.2391602e+002  4.5984905e+001
 -1.2391613e+002  4.5984929e+001
 -1.2391622e+002  4.5984874e+001
 -1.2391624e+002  4.5984849e+001
 -1.2391629e+002  4.5984750e+001
 -1.2391635e+002  4.5984691e+001
 -1.2391646e+002  4.5984631e+001
 -1.2391647e+002  4.5984626e+001
 -1.2391658e+002  4.5984574e+001
 -1.2391669e+002  4.5984507e+001
 -1.2391669e+002  4.5984502e+001
 -1.2391672e+002  4.5984378e+001
 -1.2391676e+002  4.5984253e+001
 -1.2391680e+002  4.5984194e+001
 -1.2391684e+002  4.5984129e+001
 -1.2391691e+002  4.5984033e+001
 -1.2391693e+002  4.5984005e+001
 -1.2391702e+002  4.5983889e+001
 -1.2391703e+002  4.5983881e+001
 -1.2391713e+002  4.5983791e+001
 -1.2391720e+002  4.5983757e+001
 -1.2391724e+002  4.5983735e+001
 -1.2391735e+002  4.5983651e+001
 -1.2391737e+002  4.5983632e+001
 -1.2391743e+002  4.5983508e+001
 -1.2391747e+002  4.5983399e+001
 -1.2391747e+002  4.5983384e+001
 -1.2391747e+002  4.5983346e+001
 -1.2391740e+002  4.5983260e+001
 -1.2391735e+002  4.5983251e+001
 -1.2391724e+002  4.5983247e+001
 -1.2391713e+002  4.5983228e+001
 -1.2391702e+002  4.5983198e+001
 -1.2391691e+002  4.5983142e+001
 -1.2391690e+002  4.5983136e+001
 -1.2391680e+002  4.5983080e+001
 -1.2391669e+002  4.5983011e+001
 -1.2391669e+002  4.5983011e+001
 -1.2391658e+002  4.5982991e+001
 -1.2391646e+002  4.5982966e+001
 -1.2391635e+002  4.5982936e+001
 -1.2391624e+002  4.5982901e+001
 -1.2391621e+002  4.5982887e+001
 -1.2391613e+002  4.5982857e+001
 -1.2391602e+002  4.5982805e+001
 -1.2391596e+002  4.5982763e+001
 -1.2391591e+002  4.5982740e+001
 -1.2391580e+002  4.5982696e+001
 -1.2391569e+002  4.5982674e+001
 -1.2391557e+002  4.5982646e+001
 -1.2391554e+002  4.5982639e+001
 -1.2391546e+002  4.5982627e+001
 -1.2391535e+002  4.5982605e+001
 -1.2391524e+002  4.5982559e+001
 -1.2391518e+002  4.5982514e+001
 -1.2391513e+002  4.5982495e+001
 -1.2391502e+002  4.5982445e+001
 -1.2391491e+002  4.5982424e+001
 -1.2391480e+002  4.5982404e+001
 -1.2391474e+002  4.5982390e+001
 -1.2391468e+002  4.5982378e+001
 -1.2391457e+002  4.5982327e+001
 -1.2391450e+002  4.5982266e+001
 -1.2391446e+002  4.5982239e+001
 -1.2391435e+002  4.5982185e+001
 -1.2391428e+002  4.5982142e+001
 -1.2391424e+002  4.5982118e+001
 -1.2391413e+002  4.5982024e+001
 -1.2391412e+002  4.5982018e+001
 -1.2391402e+002  4.5981906e+001
 -1.2391401e+002  4.5981893e+001
 -1.2391391e+002  4.5981808e+001
 -1.2391385e+002  4.5981769e+001
 -1.2391380e+002  4.5981733e+001
 -1.2391370e+002  4.5981645e+001
 -1.2391368e+002  4.5981635e+001
 -1.2391357e+002  4.5981561e+001
 -1.2391351e+002  4.5981521e+001
 -1.2391346e+002  4.5981493e+001
 -1.2391337e+002  4.5981397e+001
 -1.2391335e+002  4.5981388e+001
 -1.2391324e+002  4.5981371e+001
 -1.2391313e+002  4.5981355e+001
 -1.2391302e+002  4.5981335e+001
 -1.2391291e+002  4.5981325e+001
 -1.2391279e+002  4.5981303e+001
 -1.2391269e+002  4.5981272e+001
 -1.2391268e+002  4.5981271e+001
 -1.2391257e+002  4.5981228e+001
 -1.2391246e+002  4.5981148e+001
 -1.2391246e+002  4.5981147e+001
 -1.2391235e+002  4.5981096e+001
 -1.2391224e+002  4.5981032e+001
 -1.2391222e+002  4.5981024e+001
 -1.2391213e+002  4.5980983e+001
 -1.2391202e+002  4.5980900e+001
 -1.2391202e+002  4.5980900e+001
 -1.2391190e+002  4.5980784e+001
 -1.2391190e+002  4.5980776e+001
 -1.2391179e+002  4.5980705e+001
 -1.2391174e+002  4.5980651e+001
 -1.2391168e+002  4.5980542e+001
 -1.2391167e+002  4.5980527e+001
 -1.2391157e+002  4.5980461e+001
 -1.2391150e+002  4.5980403e+001
 -1.2391146e+002  4.5980366e+001
 -1.2391138e+002  4.5980279e+001
 -1.2391135e+002  4.5980250e+001
 -1.2391124e+002  4.5980190e+001
 -1.2391118e+002  4.5980155e+001
 -1.2391113e+002  4.5980122e+001
 -1.2391101e+002  4.5980056e+001
 -1.2391098e+002  4.5980030e+001
 -1.2391090e+002  4.5979978e+001
 -1.2391079e+002  4.5979915e+001
 -1.2391077e+002  4.5979906e+001
 -1.2391068e+002  4.5979826e+001
 -1.2391065e+002  4.5979782e+001
 -1.2391059e+002  4.5979658e+001
 -1.2391057e+002  4.5979600e+001
 -1.2391052e+002  4.5979533e+001
 -1.2391053e+002  4.5979409e+001
 -1.2391057e+002  4.5979388e+001
 -1.2391068e+002  4.5979403e+001
 -1.2391070e+002  4.5979409e+001
 -1.2391079e+002  4.5979437e+001
 -1.2391090e+002  4.5979465e+001
 -1.2391101e+002  4.5979500e+001
 -1.2391113e+002  4.5979533e+001
 -1.2391113e+002  4.5979534e+001
 -1.2391124e+002  4.5979555e+001
 -1.2391135e+002  4.5979587e+001
 -1.2391146e+002  4.5979637e+001
 -1.2391149e+002  4.5979658e+001
 -1.2391157e+002  4.5979707e+001
 -1.2391166e+002  4.5979782e+001
 -1.2391168e+002  4.5979788e+001
 -1.2391179e+002  4.5979817e+001
 -1.2391190e+002  4.5979845e+001
 -1.2391202e+002  4.5979846e+001
 -1.2391213e+002  4.5979849e+001
 -1.2391224e+002  4.5979861e+001
 -1.2391235e+002  4.5979878e+001
 -1.2391244e+002  4.5979906e+001
 -1.2391246e+002  4.5979912e+001
 -1.2391257e+002  4.5979938e+001
 -1.2391268e+002  4.5979983e+001
 -1.2391274e+002  4.5980030e+001
 -1.2391279e+002  4.5980047e+001
 -1.2391291e+002  4.5980065e+001
 -1.2391302e+002  4.5980085e+001
 -1.2391313e+002  4.5980084e+001
 -1.2391324e+002  4.5980088e+001
 -1.2391335e+002  4.5980103e+001
 -1.2391346e+002  4.5980114e+001
 -1.2391357e+002  4.5980132e+001
 -1.2391368e+002  4.5980137e+001
 -1.2391380e+002  4.5980149e+001
 -1.2391382e+002  4.5980155e+001
 -1.2391391e+002  4.5980169e+001
 -1.2391402e+002  4.5980200e+001
 -1.2391413e+002  4.5980259e+001
 -1.2391420e+002  4.5980279e+001
 -1.2391424e+002  4.5980284e+001
 -1.2391435e+002  4.5980301e+001
 -1.2391446e+002  4.5980321e+001
 -1.2391457e+002  4.5980326e+001
 -1.2391468e+002  4.5980327e+001
 -1.2391480e+002  4.5980296e+001
 -1.2391484e+002  4.5980279e+001
 -1.2391491e+002  4.5980224e+001
 -1.2391498e+002  4.5980155e+001
 -1.2391502e+002  4.5980115e+001
 -1.2391507e+002  4.5980030e+001
 -1.2391513e+002  4.5979915e+001
 -1.2391514e+002  4.5979906e+001
 -1.2391524e+002  4.5979815e+001
 -1.2391529e+002  4.5979782e+001
 -1.2391535e+002  4.5979689e+001
 -1.2391538e+002  4.5979658e+001
 -1.2391543e+002  4.5979533e+001
 -1.2391546e+002  4.5979473e+001
 -1.2391549e+002  4.5979409e+001
 -1.2391557e+002  4.5979320e+001
 -1.2391561e+002  4.5979285e+001
 -1.2391569e+002  4.5979203e+001
 -1.2391573e+002  4.5979161e+001
 -1.2391580e+002  4.5979075e+001
 -1.2391585e+002  4.5979037e+001
 -1.2391591e+002  4.5978988e+001
 -1.2391602e+002  4.5978919e+001
 -1.2391603e+002  4.5978912e+001
 -1.2391613e+002  4.5978805e+001
 -1.2391614e+002  4.5978788e+001
 -1.2391619e+002  4.5978664e+001
 -1.2391621e+002  4.5978540e+001
 -1.2391620e+002  4.5978416e+001
 -1.2391616e+002  4.5978291e+001
 -1.2391613e+002  4.5978242e+001
 -1.2391606e+002  4.5978167e+001
 -1.2391602e+002  4.5978106e+001
 -1.2391597e+002  4.5978043e+001
 -1.2391591e+002  4.5977919e+001
 -1.2391591e+002  4.5977912e+001
 -1.2391586e+002  4.5977795e+001
 -1.2391580e+002  4.5977670e+001
 -1.2391580e+002  4.5977656e+001
 -1.2391576e+002  4.5977546e+001
 -1.2391576e+002  4.5977422e+001
 -1.2391578e+002  4.5977298e+001
 -1.2391580e+002  4.5977244e+001
 -1.2391584e+002  4.5977173e+001
 -1.2391591e+002  4.5977125e+001
 -1.2391602e+002  4.5977071e+001
 -1.2391608e+002  4.5977049e+001
 -1.2391613e+002  4.5977032e+001
 -1.2391624e+002  4.5976993e+001
 -1.2391635e+002  4.5976966e+001
 -1.2391646e+002  4.5976945e+001
 -1.2391658e+002  4.5976940e+001
 -1.2391669e+002  4.5976951e+001
 -1.2391680e+002  4.5976967e+001
 -1.2391691e+002  4.5976988e+001
 -1.2391702e+002  4.5976995e+001
 -1.2391713e+002  4.5977006e+001
 -1.2391724e+002  4.5977020e+001
 -1.2391735e+002  4.5977025e+001
 -1.2391747e+002  4.5977032e+001
 -1.2391758e+002  4.5977032e+001
 -1.2391769e+002  4.5977031e+001
 -1.2391780e+002  4.5977028e+001
 -1.2391791e+002  4.5977012e+001
 -1.2391802e+002  4.5976993e+001
 -1.2391813e+002  4.5976956e+001
 -1.2391821e+002  4.5976925e+001
 -1.2391824e+002  4.5976898e+001
 -1.2391835e+002  4.5976801e+001
 -1.2391836e+002  4.5976796e+001
 -1.2391843e+002  4.5976677e+001
 -1.2391847e+002  4.5976616e+001
 -1.2391852e+002  4.5976552e+001
 -1.2391858e+002  4.5976492e+001
 -1.2391865e+002  4.5976428e+001
 -1.2391869e+002  4.5976388e+001
 -1.2391879e+002  4.5976304e+001
 -1.2391880e+002  4.5976295e+001
 -1.2391891e+002  4.5976205e+001
 -1.2391893e+002  4.5976180e+001
 -1.2391899e+002  4.5976056e+001
 -1.2391896e+002  4.5975931e+001
 -1.2391892e+002  4.5975807e+001
 -1.2391891e+002  4.5975800e+001
 -1.2391880e+002  4.5975711e+001
 -1.2391877e+002  4.5975683e+001
 -1.2391869e+002  4.5975580e+001
 -1.2391867e+002  4.5975559e+001
 -1.2391858e+002  4.5975467e+001
 -1.2391853e+002  4.5975435e+001
 -1.2391847e+002  4.5975378e+001
 -1.2391841e+002  4.5975310e+001
 -1.2391836e+002  4.5975249e+001
 -1.2391828e+002  4.5975186e+001
 -1.2391824e+002  4.5975149e+001
 -1.2391818e+002  4.5975062e+001
 -1.2391813e+002  4.5974951e+001
 -1.2391813e+002  4.5974938e+001
 -1.2391808e+002  4.5974814e+001
 -1.2391807e+002  4.5974689e+001
 -1.2391813e+002  4.5974649e+001
 -1.2391824e+002  4.5974598e+001
 -1.2391836e+002  4.5974570e+001
 -1.2391838e+002  4.5974565e+001
 -1.2391847e+002  4.5974546e+001
 -1.2391858e+002  4.5974524e+001
 -1.2391869e+002  4.5974496e+001
 -1.2391880e+002  4.5974483e+001
 -1.2391891e+002  4.5974488e+001
 -1.2391902e+002  4.5974493e+001
 -1.2391913e+002  4.5974508e+001
 -1.2391925e+002  4.5974513e+001
 -1.2391936e+002  4.5974519e+001
 -1.2391947e+002  4.5974527e+001
 -1.2391958e+002  4.5974522e+001
 -1.2391969e+002  4.5974520e+001
 -1.2391980e+002  4.5974510e+001
 -1.2391991e+002  4.5974506e+001
 -1.2392002e+002  4.5974511e+001
 -1.2392013e+002  4.5974509e+001
 -1.2392025e+002  4.5974509e+001
 -1.2392036e+002  4.5974497e+001
 -1.2392047e+002  4.5974491e+001
 -1.2392058e+002  4.5974492e+001
 -1.2392069e+002  4.5974484e+001
 -1.2392080e+002  4.5974480e+001
 -1.2392091e+002  4.5974475e+001
 -1.2392102e+002  4.5974475e+001
 -1.2392114e+002  4.5974479e+001
 -1.2392125e+002  4.5974475e+001
 -1.2392136e+002  4.5974471e+001
 -1.2392147e+002  4.5974462e+001
 -1.2392158e+002  4.5974451e+001
 -1.2392169e+002  4.5974441e+001
 -1.2392169e+002  4.5974440e+001
 -1.2392174e+002  4.5974441e+001
 -1.2392180e+002  4.5974442e+001
 -1.2392191e+002  4.5974442e+001
 -1.2392203e+002  4.5974441e+001
 -1.2392203e+002  4.5974441e+001
 -1.2392214e+002  4.5974434e+001
 -1.2392225e+002  4.5974422e+001
 -1.2392236e+002  4.5974425e+001
 -1.2392247e+002  4.5974422e+001
 -1.2392258e+002  4.5974406e+001
 -1.2392269e+002  4.5974376e+001
 -1.2392280e+002  4.5974324e+001
 -1.2392282e+002  4.5974317e+001
 -1.2392292e+002  4.5974247e+001
 -1.2392301e+002  4.5974192e+001
 -1.2392303e+002  4.5974176e+001
 -1.2392314e+002  4.5974078e+001
 -1.2392315e+002  4.5974068e+001
 -1.2392321e+002  4.5973944e+001
 -1.2392323e+002  4.5973820e+001
 -1.2392322e+002  4.5973696e+001
 -1.2392320e+002  4.5973571e+001
 -1.2392316e+002  4.5973447e+001
 -1.2392314e+002  4.5973406e+001
 -1.2392310e+002  4.5973323e+001
 -1.2392303e+002  4.5973199e+001
 -1.2392303e+002  4.5973198e+001
 -1.2392294e+002  4.5973075e+001
 -1.2392292e+002  4.5973039e+001
 -1.2392284e+002  4.5972950e+001
 -1.2392280e+002  4.5972911e+001
 -1.2392269e+002  4.5972831e+001
 -1.2392268e+002  4.5972826e+001
 -1.2392258e+002  4.5972756e+001
 -1.2392250e+002  4.5972702e+001
 -1.2392247e+002  4.5972578e+001
 -1.2392258e+002  4.5972491e+001
 -1.2392263e+002  4.5972454e+001
 -1.2392269e+002  4.5972426e+001
 -1.2392280e+002  4.5972346e+001
 -1.2392282e+002  4.5972329e+001
 -1.2392292e+002  4.5972246e+001
 -1.2392295e+002  4.5972205e+001
 -1.2392303e+002  4.5972146e+001
 -1.2392313e+002  4.5972081e+001
 -1.2392314e+002  4.5972077e+001
 -1.2392325e+002  4.5971998e+001
 -1.2393745e+002  4.5971998e+001
 -1.2393749e+002  4.5972050e+001
 -1.2393751e+002  4.5972081e+001
 -1.2393760e+002  4.5972179e+001
 -1.2393762e+002  4.5972205e+001
 -1.2393771e+002  4.5972282e+001
 -1.2393776e+002  4.5972329e+001
 -1.2393782e+002  4.5972380e+001
 -1.2393787e+002  4.5972454e+001
 -1.2393793e+002  4.5972569e+001
 -1.2393794e+002  4.5972578e+001
 -1.2393804e+002  4.5972702e+001
 -1.2393804e+002  4.5972707e+001
 -1.2393815e+002  4.5972812e+001
 -1.2393817e+002  4.5972826e+001
 -1.2393826e+002  4.5972899e+001
 -1.2393833e+002  4.5972950e+001
 -1.2393838e+002  4.5972977e+001
 -1.2393847e+002  4.5973075e+001
 -1.2393849e+002  4.5973095e+001
 -1.2393858e+002  4.5973199e+001
 -1.2393860e+002  4.5973228e+001
 -1.2393867e+002  4.5973323e+001
 -1.2393870e+002  4.5973447e+001
 -1.2393871e+002  4.5973571e+001
 -1.2393871e+002  4.5973654e+001
 -1.2393871e+002  4.5973696e+001
 -1.2393872e+002  4.5973820e+001
 -1.2393873e+002  4.5973944e+001
 -1.2393877e+002  4.5974068e+001
 -1.2393881e+002  4.5974192e+001
 -1.2393882e+002  4.5974245e+001
 -1.2393884e+002  4.5974317e+001
 -1.2393888e+002  4.5974441e+001
 -1.2393893e+002  4.5974488e+001
 -1.2393904e+002  4.5974551e+001
 -1.2393907e+002  4.5974565e+001
 -1.2393915e+002  4.5974599e+001
 -1.2393927e+002  4.5974619e+001
 -1.2393938e+002  4.5974625e+001
 -1.2393949e+002  4.5974627e+001
 -1.2393960e+002  4.5974626e+001
 -1.2393971e+002  4.5974623e+001
 -1.2393982e+002  4.5974618e+001
 -1.2393993e+002  4.5974616e+001
 -1.2394004e+002  4.5974628e+001
 -1.2394016e+002  4.5974672e+001
 -1.2394019e+002  4.5974689e+001
 -1.2394027e+002  4.5974717e+001
 -1.2394038e+002  4.5974738e+001
 -1.2394049e+002  4.5974761e+001
 -1.2394060e+002  4.5974786e+001
 -1.2394071e+002  4.5974804e+001
 -1.2394079e+002  4.5974814e+001
 -1.2394082e+002  4.5974817e+001
 -1.2394093e+002  4.5974821e+001
 -1.2394105e+002  4.5974820e+001
 -1.2394116e+002  4.5974815e+001
 -1.2394116e+002  4.5974814e+001
 -1.2394127e+002  4.5974791e+001
 -1.2394138e+002  4.5974763e+001
 -1.2394149e+002  4.5974730e+001
 -1.2394160e+002  4.5974702e+001
 -1.2394165e+002  4.5974689e+001
 -1.2394171e+002  4.5974642e+001
 -1.2394178e+002  4.5974565e+001
 -1.2394171e+002  4.5974444e+001
 -1.2394171e+002  4.5974441e+001
 -1.2394160e+002  4.5974396e+001
 -1.2394149e+002  4.5974350e+001
 -1.2394141e+002  4.5974317e+001
 -1.2394138e+002  4.5974301e+001
 -1.2394127e+002  4.5974223e+001
 -1.2394124e+002  4.5974192e+001
 -1.2394117e+002  4.5974068e+001
 -1.2394117e+002  4.5973944e+001
 -1.2394126e+002  4.5973820e+001
 -1.2394127e+002  4.5973813e+001
 -1.2394138e+002  4.5973708e+001
 -1.2394140e+002  4.5973696e+001
 -1.2394149e+002  4.5973646e+001
 -1.2394160e+002  4.5973619e+001
 -1.2394171e+002  4.5973611e+001
 -1.2394182e+002  4.5973622e+001
 -1.2394193e+002  4.5973637e+001
 -1.2394205e+002  4.5973652e+001
 -1.2394216e+002  4.5973668e+001
 -1.2394227e+002  4.5973682e+001
 -1.2394238e+002  4.5973687e+001
 -1.2394249e+002  4.5973686e+001
 -1.2394260e+002  4.5973675e+001
 -1.2394271e+002  4.5973668e+001
 -1.2394282e+002  4.5973692e+001
 -1.2394283e+002  4.5973696e+001
 -1.2394294e+002  4.5973816e+001
 -1.2394294e+002  4.5973820e+001
 -1.2394299e+002  4.5973944e+001
 -1.2394302e+002  4.5974068e+001
 -1.2394301e+002  4.5974192e+001
 -1.2394294e+002  4.5974317e+001
 -1.2394294e+002  4.5974325e+001
 -1.2394290e+002  4.5974441e+001
 -1.2394294e+002  4.5974556e+001
 -1.2394294e+002  4.5974565e+001
 -1.2394305e+002  4.5974664e+001
 -1.2394313e+002  4.5974689e+001
 -1.2394316e+002  4.5974692e+001
 -1.2394327e+002  4.5974705e+001
 -1.2394338e+002  4.5974725e+001
 -1.2394349e+002  4.5974740e+001
 -1.2394360e+002  4.5974760e+001
 -1.2394371e+002  4.5974762e+001
 -1.2394383e+002  4.5974766e+001
 -1.2394394e+002  4.5974778e+001
 -1.2394405e+002  4.5974789e+001
 -1.2394416e+002  4.5974806e+001
 -1.2394423e+002  4.5974814e+001
 -1.2394427e+002  4.5974817e+001
 -1.2394438e+002  4.5974830e+001
 -1.2394449e+002  4.5974855e+001
 -1.2394460e+002  4.5974894e+001
 -1.2394468e+002  4.5974938e+001
 -1.2394472e+002  4.5974950e+001
 -1.2394483e+002  4.5974967e+001
 -1.2394494e+002  4.5974991e+001
 -1.2394505e+002  4.5975018e+001
 -1.2394516e+002  4.5975028e+001
 -1.2394527e+002  4.5975039e+001
 -1.2394538e+002  4.5975045e+001
 -1.2394549e+002  4.5975056e+001
 -1.2394550e+002  4.5975056e+001
